n_iter: 500 
n: 1000 

All combined: 
                               y_selected                      y              yhat_true           yhat_imputed                  y_mix        y_weighted_true         y_weighted_est
yhat_true          1.5810e-01 (3.696e-02) 1.5164e-01 (2.727e-02) 0.0000e+00 (0.000e+00) 1.0960e-01 (7.327e-02) 1.3466e-01 (7.744e-02) 1.5226e-01 (3.126e-02) 1.5137e-01 (2.926e-02)
yhat_naive         1.1260e-01 (1.454e-02) 4.3633e-01 (1.683e+02) 2.8432e-01 (1.682e+02) 3.7058e-01 (1.669e+02) 3.9547e-01 (1.669e+02) 1.8770e-01 (6.346e-02) 1.8434e-01 (5.403e-02)
yhat_recursive     1.5703e-01 (3.692e-02) 1.7142e-01 (4.419e-02) 1.9666e-02 (1.408e-02) 8.9833e-02 (3.488e-02) 1.1500e-01 (3.863e-02) 1.4886e-01 (3.108e-02) 1.4881e-01 (3.151e-02)
yhat_recursive_mix 1.5682e-01 (3.687e-02) 1.7135e-01 (4.418e-02) 1.9589e-02 (1.408e-02) 8.9902e-02 (3.488e-02) 1.1497e-01 (3.862e-02) 1.4863e-01 (3.103e-02) 1.4858e-01 (3.144e-02)
yhat_ipw_true      1.5529e-01 (3.754e-02) 9.2426e+00 (4.670e+04) 9.0917e+00 (4.669e+04) 9.1809e+00 (4.684e+04) 9.2055e+00 (4.684e+04) 1.2445e-01 (2.020e-02) 1.3419e-01 (2.323e-02)
yhat_ipw_est       1.5348e-01 (3.422e-02) 8.2625e+00 (3.809e+04) 8.1116e+00 (3.809e+04) 8.1956e+00 (3.824e+04) 8.2202e+00 (3.824e+04) 1.3161e-01 (2.366e-02) 1.2824e-01 (2.087e-02)
yhat_dr_true       1.5414e-01 (3.711e-02) 8.6392e+00 (4.577e+04) 8.4883e+00 (4.577e+04) 8.5733e+00 (4.591e+04) 8.5979e+00 (4.591e+04) 1.2494e-01 (2.030e-02) 1.3475e-01 (2.332e-02)
yhat_dr_est        1.5245e-01 (3.379e-02) 7.9919e+00 (3.790e+04) 7.8411e+00 (3.790e+04) 7.9240e+00 (3.804e+04) 7.9486e+00 (3.804e+04) 1.3203e-01 (2.368e-02) 1.2869e-01 (2.094e-02)


Graph 1 
                               y_selected                      y              yhat_true           yhat_imputed                  y_mix        y_weighted_true         y_weighted_est
yhat_true          5.9874e-02 (5.668e-03) 5.9598e-02 (5.392e-03) 0.0000e+00 (0.000e+00) 2.7833e-02 (1.181e-03) 4.5415e-02 (3.062e-03) 5.9494e-02 (5.433e-03) 5.9124e-02 (5.460e-03)
yhat_naive         4.7906e-02 (3.440e-03) 7.7865e-02 (9.654e-03) 1.8236e-02 (7.486e-04) 4.4452e-02 (3.466e-03) 6.1677e-02 (6.048e-03) 7.4211e-02 (8.767e-03) 7.4153e-02 (8.650e-03)
yhat_recursive     5.9780e-02 (5.548e-03) 6.1511e-02 (5.760e-03) 1.8341e-03 (1.082e-05) 2.5947e-02 (1.023e-03) 4.3698e-02 (2.836e-03) 5.9030e-02 (5.350e-03) 5.8624e-02 (5.382e-03)
yhat_recursive_mix 5.9550e-02 (5.467e-03) 6.1390e-02 (5.728e-03) 1.7349e-03 (9.638e-06) 2.6038e-02 (1.034e-03) 4.3636e-02 (2.819e-03) 5.8807e-02 (5.278e-03) 5.8409e-02 (5.312e-03)
yhat_ipw_true      5.9617e-02 (5.494e-03) 6.4101e-02 (6.273e-03) 4.7409e-03 (6.368e-05) 3.0271e-02 (1.441e-03) 4.7550e-02 (3.364e-03) 5.4994e-02 (4.618e-03) 5.5911e-02 (4.848e-03)
yhat_ipw_est       5.9572e-02 (5.467e-03) 6.4352e-02 (6.336e-03) 5.0321e-03 (7.704e-05) 3.0484e-02 (1.469e-03) 4.7753e-02 (3.407e-03) 5.6145e-02 (4.759e-03) 5.4377e-02 (4.633e-03)
yhat_dr_true       5.9328e-02 (5.431e-03) 6.3964e-02 (6.270e-03) 4.6435e-03 (6.036e-05) 3.0143e-02 (1.435e-03) 4.7353e-02 (3.343e-03) 5.5079e-02 (4.606e-03) 5.6022e-02 (4.836e-03)
yhat_dr_est        5.9324e-02 (5.419e-03) 6.4151e-02 (6.331e-03) 4.8793e-03 (6.892e-05) 3.0320e-02 (1.457e-03) 4.7517e-02 (3.387e-03) 5.6207e-02 (4.752e-03) 5.4426e-02 (4.622e-03)


Graph 2 
                               y_selected                      y              yhat_true           yhat_imputed                  y_mix        y_weighted_true         y_weighted_est
yhat_true          5.8183e-02 (5.364e-03) 5.7940e-02 (5.097e-03) 0.0000e+00 (0.000e+00) 2.4355e-02 (1.164e-03) 4.4005e-02 (3.210e-03) 5.7991e-02 (5.196e-03) 5.7484e-02 (5.022e-03)
yhat_naive         4.9395e-02 (3.565e-03) 7.2213e-02 (8.819e-03) 1.4221e-02 (6.701e-04) 3.5535e-02 (2.837e-03) 5.4822e-02 (5.502e-03) 6.8720e-02 (8.612e-03) 6.8253e-02 (8.077e-03)
yhat_recursive     5.7811e-02 (5.168e-03) 6.0776e-02 (5.539e-03) 2.7380e-03 (2.824e-05) 2.1549e-02 (9.569e-04) 4.1418e-02 (2.866e-03) 5.7378e-02 (5.143e-03) 5.6612e-02 (4.951e-03)
yhat_recursive_mix 5.7480e-02 (5.070e-03) 6.0616e-02 (5.537e-03) 2.6174e-03 (3.004e-05) 2.1678e-02 (9.689e-04) 4.1321e-02 (2.835e-03) 5.7170e-02 (5.139e-03) 5.6420e-02 (4.944e-03)
yhat_ipw_true      5.8149e-02 (5.584e-03) 6.2721e-02 (5.869e-03) 5.0145e-03 (9.718e-05) 2.6018e-02 (1.339e-03) 4.5450e-02 (3.426e-03) 5.3510e-02 (4.463e-03) 5.3780e-02 (4.524e-03)
yhat_ipw_est       5.7975e-02 (5.272e-03) 6.2908e-02 (5.840e-03) 5.1990e-03 (1.029e-04) 2.6069e-02 (1.311e-03) 4.5513e-02 (3.378e-03) 5.4400e-02 (4.650e-03) 5.2743e-02 (4.379e-03)
yhat_dr_true       5.7838e-02 (5.529e-03) 6.2610e-02 (5.883e-03) 4.9379e-03 (9.837e-05) 2.6008e-02 (1.346e-03) 4.5362e-02 (3.420e-03) 5.3685e-02 (4.473e-03) 5.4009e-02 (4.543e-03)
yhat_dr_est        5.7707e-02 (5.205e-03) 6.2647e-02 (5.832e-03) 4.9778e-03 (9.529e-05) 2.5960e-02 (1.313e-03) 4.5332e-02 (3.358e-03) 5.4572e-02 (4.668e-03) 5.2921e-02 (4.392e-03)


Graph 3 
                               y_selected                      y              yhat_true           yhat_imputed                  y_mix        y_weighted_true         y_weighted_est
yhat_true          5.9910e-02 (5.208e-03) 5.7011e-02 (4.054e-03) 0.0000e+00 (0.000e+00) 5.7071e-02 (5.287e-02) 6.5359e-02 (5.514e-02) 5.7521e-02 (4.498e-03) 5.6566e-02 (4.604e-03)
yhat_naive         4.4425e-02 (2.704e-03) 8.7409e-02 (1.128e-02) 3.0176e-02 (3.564e-03) 6.3358e-02 (4.923e-02) 7.1476e-02 (5.113e-02) 6.1925e-02 (5.476e-03) 6.0697e-02 (4.722e-03)
yhat_recursive     5.9060e-02 (5.035e-03) 7.8505e-02 (1.966e-02) 2.1237e-02 (1.001e-02) 3.5679e-02 (2.321e-02) 4.4010e-02 (2.440e-02) 5.8318e-02 (8.813e-03) 5.5658e-02 (6.087e-03)
yhat_recursive_mix 5.8859e-02 (4.992e-03) 7.8450e-02 (1.966e-02) 2.1197e-02 (1.002e-02) 3.5702e-02 (2.320e-02) 4.3986e-02 (2.438e-02) 5.8139e-02 (8.773e-03) 5.5481e-02 (6.048e-03)
yhat_ipw_true      5.7920e-02 (4.746e-03) 2.0743e+00 (4.303e+02) 2.0175e+00 (4.302e+02) 2.0276e+00 (4.251e+02) 2.0356e+00 (4.251e+02) 4.0848e-02 (2.419e-03) 4.5979e-02 (2.908e-03)
yhat_ipw_est       5.7231e-02 (4.477e-03) 2.5735e+00 (8.704e+02) 2.5166e+00 (8.696e+02) 2.6343e+00 (9.393e+02) 2.6423e+00 (9.394e+02) 4.4492e-02 (2.833e-03) 4.2964e-02 (2.405e-03)
yhat_dr_true       5.7417e-02 (4.643e-03) 2.0002e+00 (4.287e+02) 1.9433e+00 (4.285e+02) 1.9567e+00 (4.235e+02) 1.9647e+00 (4.236e+02) 4.1167e-02 (2.466e-03) 4.6336e-02 (2.950e-03)
yhat_dr_est        5.6789e-02 (4.400e-03) 2.5613e+00 (8.704e+02) 2.5044e+00 (8.696e+02) 2.6235e+00 (9.392e+02) 2.6315e+00 (9.394e+02) 4.4750e-02 (2.854e-03) 4.3209e-02 (2.427e-03)


Graph 4 
                               y_selected                      y              yhat_true           yhat_imputed                  y_mix        y_weighted_true         y_weighted_est
yhat_true          5.7110e-02 (4.633e-03) 5.6863e-02 (4.357e-03) 0.0000e+00 (0.000e+00) 6.5669e-02 (3.742e-02) 7.5805e-02 (3.940e-02) 5.6964e-02 (4.591e-03) 5.6209e-02 (4.275e-03)
yhat_naive         4.6809e-02 (2.890e-03) 8.3057e-02 (1.137e-02) 2.6013e-02 (3.876e-03) 6.0758e-02 (3.195e-02) 7.0713e-02 (3.365e-02) 6.0533e-02 (6.694e-03) 5.7945e-02 (5.028e-03)
yhat_recursive     5.7024e-02 (4.503e-03) 9.0364e-02 (2.378e-02) 3.3227e-02 (1.507e-02) 3.2229e-02 (9.845e-03) 4.2462e-02 (1.084e-02) 5.8513e-02 (7.495e-03) 5.7438e-02 (5.810e-03)
yhat_recursive_mix 5.6826e-02 (4.482e-03) 9.0231e-02 (2.372e-02) 3.3111e-02 (1.504e-02) 3.2279e-02 (9.860e-03) 4.2450e-02 (1.085e-02) 5.8300e-02 (7.468e-03) 5.7214e-02 (5.781e-03)
yhat_ipw_true      5.6071e-02 (4.574e-03) 1.3508e+00 (3.086e+02) 1.2942e+00 (3.083e+02) 1.3032e+00 (2.905e+02) 1.3131e+00 (2.906e+02) 4.0255e-02 (2.249e-03) 4.6534e-02 (3.102e-03)
yhat_ipw_est       5.5452e-02 (4.379e-03) 5.6741e-01 (1.946e+01) 5.1073e-01 (1.941e+01) 5.3214e-01 (1.843e+01) 5.4201e-01 (1.845e+01) 4.4161e-02 (3.105e-03) 4.4551e-02 (2.877e-03)
yhat_dr_true       5.5509e-02 (4.524e-03) 1.2916e+00 (3.050e+02) 1.2351e+00 (3.047e+02) 1.2423e+00 (2.870e+02) 1.2521e+00 (2.871e+02) 4.0724e-02 (2.315e-03) 4.7093e-02 (3.183e-03)
yhat_dr_est        5.4863e-02 (4.295e-03) 5.2179e-01 (1.912e+01) 4.6513e-01 (1.907e+01) 4.8224e-01 (1.802e+01) 4.9209e-01 (1.804e+01) 4.4561e-02 (3.100e-03) 4.4879e-02 (2.927e-03)


Graph 5 
                               y_selected                      y              yhat_true           yhat_imputed                  y_mix        y_weighted_true         y_weighted_est
yhat_true          1.1029e-01 (4.589e-03) 1.0958e-01 (3.287e-03) 0.0000e+00 (0.000e+00) 7.0459e-02 (2.985e-03) 9.1921e-02 (3.197e-03) 1.1028e-01 (3.571e-03) 1.0969e-01 (3.331e-03)
yhat_naive         7.1637e-02 (2.349e-03) 1.6064e-01 (9.980e-03) 5.0982e-02 (2.738e-03) 1.1973e-01 (1.039e-02) 1.4104e-01 (1.038e-02) 1.5389e-01 (9.518e-03) 1.5490e-01 (8.803e-03)
yhat_recursive     1.1025e-01 (4.728e-03) 1.1173e-01 (3.339e-03) 2.0908e-03 (1.536e-05) 6.8376e-02 (2.925e-03) 9.0071e-02 (3.136e-03) 1.1001e-01 (3.533e-03) 1.0971e-01 (3.336e-03)
yhat_recursive_mix 1.0999e-01 (4.715e-03) 1.1158e-01 (3.338e-03) 1.9527e-03 (1.526e-05) 6.8467e-02 (2.926e-03) 8.9979e-02 (3.133e-03) 1.0978e-01 (3.534e-03) 1.0947e-01 (3.337e-03)
yhat_ipw_true      1.0928e-01 (4.559e-03) 1.2965e-01 (3.021e-02) 2.0564e-02 (2.499e-02) 8.9012e-02 (3.161e-02) 1.1024e-01 (3.218e-02) 1.0277e-01 (3.055e-03) 1.0524e-01 (3.103e-03)
yhat_ipw_est       1.0937e-01 (4.283e-03) 1.3773e-01 (5.343e-02) 2.8632e-02 (4.741e-02) 9.7218e-02 (5.536e-02) 1.1845e-01 (5.612e-02) 1.0545e-01 (3.240e-03) 1.0188e-01 (2.947e-03)
yhat_dr_true       1.0860e-01 (4.523e-03) 1.3029e-01 (3.042e-02) 2.1253e-02 (2.515e-02) 8.9601e-02 (3.181e-02) 1.1080e-01 (3.237e-02) 1.0298e-01 (3.062e-03) 1.0553e-01 (3.108e-03)
yhat_dr_est        1.0879e-01 (4.243e-03) 1.3789e-01 (5.342e-02) 2.8847e-02 (4.741e-02) 9.7352e-02 (5.537e-02) 1.1854e-01 (5.612e-02) 1.0555e-01 (3.245e-03) 1.0204e-01 (2.962e-03)


Graph 6 
                               y_selected                      y              yhat_true           yhat_imputed                  y_mix        y_weighted_true         y_weighted_est
yhat_true          1.1376e-01 (4.831e-03) 1.1224e-01 (3.426e-03) 0.0000e+00 (0.000e+00) 6.4737e-02 (6.807e-03) 9.3369e-02 (6.943e-03) 1.1259e-01 (3.598e-03) 1.1207e-01 (3.470e-03)
yhat_naive         8.2606e-02 (3.053e-03) 1.5672e-01 (1.370e-02) 4.4448e-02 (6.269e-03) 1.0710e-01 (1.896e-02) 1.3531e-01 (1.876e-02) 1.4752e-01 (8.923e-03) 1.4808e-01 (8.649e-03)
yhat_recursive     1.1432e-01 (5.058e-03) 1.1547e-01 (3.581e-03) 3.1440e-03 (3.557e-05) 6.1588e-02 (6.283e-03) 9.0639e-02 (6.425e-03) 1.1276e-01 (3.679e-03) 1.1211e-01 (3.564e-03)
yhat_recursive_mix 1.1378e-01 (5.040e-03) 1.1519e-01 (3.572e-03) 2.8914e-03 (3.509e-05) 6.1748e-02 (6.282e-03) 9.0467e-02 (6.414e-03) 1.1241e-01 (3.672e-03) 1.1174e-01 (3.554e-03)
yhat_ipw_true      1.1295e-01 (4.740e-03) 1.2266e-01 (5.034e-03) 1.0803e-02 (8.442e-04) 7.2016e-02 (8.491e-03) 1.0038e-01 (8.587e-03) 1.0553e-01 (3.113e-03) 1.0716e-01 (3.168e-03)
yhat_ipw_est       1.1269e-01 (4.604e-03) 1.3155e-01 (4.520e-02) 1.9695e-02 (3.923e-02) 8.0515e-02 (4.323e-02) 1.0886e-01 (4.382e-02) 1.0751e-01 (3.253e-03) 1.0490e-01 (3.020e-03)
yhat_dr_true       1.1220e-01 (4.675e-03) 1.2410e-01 (9.362e-03) 1.2328e-02 (4.981e-03) 7.3639e-02 (1.256e-02) 1.0189e-01 (1.272e-02) 1.0574e-01 (3.119e-03) 1.0744e-01 (3.184e-03)
yhat_dr_est        1.1204e-01 (4.562e-03) 1.3309e-01 (4.887e-02) 2.1309e-02 (4.278e-02) 8.2133e-02 (4.665e-02) 1.1039e-01 (4.728e-02) 1.0768e-01 (3.256e-03) 1.0511e-01 (3.027e-03)


Graph 7 
                               y_selected                      y              yhat_true           yhat_imputed                  y_mix        y_weighted_true         y_weighted_est
yhat_true          1.1214e-01 (7.847e-03) 1.0548e-01 (3.097e-03) 0.0000e+00 (0.000e+00) 1.0257e-01 (1.329e-01) 1.1466e-01 (1.330e-01) 1.0630e-01 (4.795e-03) 1.0427e-01 (3.631e-03)
yhat_naive         7.3173e-02 (3.447e-03) 5.8603e-01 (7.609e+01) 4.8033e-01 (7.611e+01) 5.4283e-01 (7.118e+01) 5.5471e-01 (7.118e+01) 1.2569e-01 (8.971e-03) 1.1728e-01 (6.391e-03)
yhat_recursive     1.1083e-01 (7.832e-03) 1.3088e-01 (1.380e-02) 2.5196e-02 (9.913e-03) 7.7289e-02 (8.112e-02) 8.9482e-02 (8.104e-02) 1.0543e-01 (6.887e-03) 1.0287e-01 (4.594e-03)
yhat_recursive_mix 1.1050e-01 (7.782e-03) 1.3081e-01 (1.380e-02) 2.5147e-02 (9.914e-03) 7.7314e-02 (8.112e-02) 8.9436e-02 (8.103e-02) 1.0524e-01 (6.877e-03) 1.0262e-01 (4.575e-03)
yhat_ipw_true      1.0869e-01 (7.557e-03) 1.2262e+01 (1.013e+04) 1.2157e+01 (1.013e+04) 1.2280e+01 (1.026e+04) 1.2292e+01 (1.026e+04) 7.5994e-02 (2.383e-03) 8.7082e-02 (3.046e-03)
yhat_ipw_est       1.0601e-01 (7.151e-03) 1.1501e+01 (8.244e+03) 1.1396e+01 (8.244e+03) 1.1358e+01 (8.053e+03) 1.1370e+01 (8.053e+03) 8.5692e-02 (3.523e-03) 8.0167e-02 (2.532e-03)
yhat_dr_true       1.0696e-01 (7.183e-03) 1.1710e+01 (1.008e+04) 1.1605e+01 (1.008e+04) 1.1725e+01 (1.021e+04) 1.1737e+01 (1.021e+04) 7.6353e-02 (2.399e-03) 8.7591e-02 (3.072e-03)
yhat_dr_est        1.0420e-01 (6.648e-03) 1.1028e+01 (8.328e+03) 1.0923e+01 (8.328e+03) 1.0884e+01 (8.133e+03) 1.0896e+01 (8.134e+03) 8.6254e-02 (3.550e-03) 8.0578e-02 (2.549e-03)


Graph 8 
                               y_selected                      y              yhat_true           yhat_imputed                  y_mix        y_weighted_true         y_weighted_est
yhat_true          1.1454e-01 (8.154e-03) 1.0849e-01 (3.309e-03) 0.0000e+00 (0.000e+00) 1.5133e-01 (8.580e-01) 1.6642e-01 (8.583e-01) 1.1049e-01 (5.056e-03) 1.1091e-01 (4.587e-03)
yhat_naive         8.3071e-02 (4.554e-03) 1.1101e+00 (3.341e+02) 1.0014e+00 (3.342e+02) 1.0949e+00 (3.214e+02) 1.1098e+00 (3.214e+02) 1.2698e-01 (8.474e-03) 1.1917e-01 (6.397e-03)
yhat_recursive     1.1566e-01 (9.188e-03) 1.6936e-01 (1.564e-01) 6.0654e-02 (1.502e-01) 9.0212e-02 (2.982e-01) 1.0551e-01 (2.981e-01) 1.1444e-01 (2.028e-02) 1.2337e-01 (8.168e-02)
yhat_recursive_mix 1.1523e-01 (9.112e-03) 1.6916e-01 (1.564e-01) 6.0477e-02 (1.502e-01) 9.0276e-02 (2.982e-01) 1.0545e-01 (2.981e-01) 1.1416e-01 (2.029e-02) 1.2307e-01 (8.177e-02)
yhat_ipw_true      1.1137e-01 (7.853e-03) 1.1815e+01 (1.234e+04) 1.1706e+01 (1.234e+04) 1.1779e+01 (1.233e+04) 1.1793e+01 (1.233e+04) 8.1855e-02 (2.785e-03) 9.1489e-02 (3.617e-03)
yhat_ipw_est       1.0893e-01 (7.320e-03) 1.0484e+01 (1.093e+04) 1.0375e+01 (1.093e+04) 1.0405e+01 (1.087e+04) 1.0420e+01 (1.087e+04) 9.0967e-02 (4.235e-03) 8.5344e-02 (2.875e-03)
yhat_dr_true       1.0998e-01 (7.604e-03) 8.1181e+00 (7.236e+03) 8.0096e+00 (7.234e+03) 8.0375e+00 (7.075e+03) 8.0521e+00 (7.075e+03) 8.2407e-02 (2.818e-03) 9.2189e-02 (3.677e-03)
yhat_dr_est        1.0779e-01 (7.155e-03) 7.6852e+00 (6.770e+03) 7.5765e+00 (6.769e+03) 7.5709e+00 (6.589e+03) 7.5855e+00 (6.589e+03) 9.1250e-02 (4.209e-03) 8.5733e-02 (2.899e-03)


Graph 9 
                               y_selected                      y              yhat_true           yhat_imputed                  y_mix        y_weighted_true         y_weighted_est
yhat_true          1.8869e-01 (6.495e-03) 1.7786e-01 (2.376e-03) 0.0000e+00 (0.000e+00) 7.2313e-02 (8.440e-03) 1.1093e-01 (9.561e-03) 1.8180e-01 (4.711e-03) 1.8309e-01 (3.462e-03)
yhat_naive         1.6911e-01 (6.169e-03) 2.9090e-01 (2.595e+00) 1.1252e-01 (2.583e+00) 1.6692e-01 (4.576e+00) 2.0538e-01 (4.578e+00) 1.8580e-01 (5.577e-03) 1.8687e-01 (4.257e-03)
yhat_recursive     1.8841e-01 (6.550e-03) 2.1058e-01 (9.507e-03) 3.2332e-02 (5.901e-03) 3.9768e-02 (1.255e-03) 7.8408e-02 (1.691e-03) 1.6962e-01 (3.992e-03) 1.7420e-01 (3.351e-03)
yhat_recursive_mix 1.8818e-01 (6.529e-03) 2.1046e-01 (9.489e-03) 3.2211e-02 (5.887e-03) 3.9840e-02 (1.254e-03) 7.8413e-02 (1.692e-03) 1.6946e-01 (3.981e-03) 1.7398e-01 (3.341e-03)
yhat_ipw_true      1.9074e-01 (6.792e-03) 9.3618e+00 (4.707e+03) 9.1838e+00 (4.706e+03) 9.1442e+00 (4.697e+03) 9.1819e+00 (4.697e+03) 1.4020e-01 (2.784e-03) 1.5856e-01 (2.761e-03)
yhat_ipw_est       1.9092e-01 (6.774e-03) 5.8249e+00 (1.223e+03) 5.6481e+00 (1.223e+03) 5.6163e+00 (1.183e+03) 5.6539e+00 (1.183e+03) 1.4937e-01 (3.153e-03) 1.5047e-01 (2.439e-03)
yhat_dr_true       1.8961e-01 (6.690e-03) 8.6933e+00 (4.624e+03) 8.5153e+00 (4.623e+03) 8.4476e+00 (4.597e+03) 8.4852e+00 (4.597e+03) 1.4068e-01 (2.788e-03) 1.5905e-01 (2.755e-03)
yhat_dr_est        1.9013e-01 (6.725e-03) 5.6357e+00 (1.210e+03) 5.4587e+00 (1.210e+03) 5.4246e+00 (1.169e+03) 5.4622e+00 (1.169e+03) 1.4998e-01 (3.158e-03) 1.5092e-01 (2.455e-03)


Graph 10 
                               y_selected                      y              yhat_true           yhat_imputed                  y_mix        y_weighted_true         y_weighted_est
yhat_true          1.8045e-01 (6.467e-03) 1.7883e-01 (2.178e-03) 0.0000e+00 (0.000e+00) 6.9225e-02 (2.291e-03) 1.2881e-01 (2.101e-03) 1.7871e-01 (2.575e-03) 1.7841e-01 (2.473e-03)
yhat_naive         1.4516e-01 (6.698e-03) 2.4514e-01 (3.188e-02) 6.5885e-02 (2.828e-02) 1.2871e-01 (3.145e-02) 1.8813e-01 (2.899e-02) 2.2121e-01 (6.105e-03) 2.2229e-01 (5.887e-03)
yhat_recursive     1.7919e-01 (6.699e-03) 1.8275e-01 (2.355e-03) 4.2353e-03 (5.694e-05) 6.4877e-02 (2.355e-03) 1.2459e-01 (2.179e-03) 1.7586e-01 (2.443e-03) 1.7551e-01 (2.336e-03)
yhat_recursive_mix 1.7904e-01 (6.695e-03) 1.8271e-01 (2.353e-03) 4.0577e-03 (5.595e-05) 6.5075e-02 (2.355e-03) 1.2459e-01 (2.181e-03) 1.7560e-01 (2.437e-03) 1.7527e-01 (2.332e-03)
yhat_ipw_true      1.7900e-01 (6.589e-03) 8.3158e-01 (8.615e+01) 6.5373e-01 (8.613e+01) 7.1021e-01 (8.505e+01) 7.6911e-01 (8.505e+01) 1.6648e-01 (2.209e-03) 1.6872e-01 (2.187e-03)
yhat_ipw_est       1.7897e-01 (6.425e-03) 1.0073e+00 (8.554e+01) 8.2939e-01 (8.552e+01) 8.8586e-01 (8.455e+01) 9.4477e-01 (8.454e+01) 1.6916e-01 (2.282e-03) 1.6590e-01 (2.117e-03)
yhat_dr_true       1.7839e-01 (6.546e-03) 8.2996e-01 (8.617e+01) 6.5209e-01 (8.615e+01) 7.0839e-01 (8.507e+01) 7.6728e-01 (8.506e+01) 1.6695e-01 (2.224e-03) 1.6925e-01 (2.198e-03)
yhat_dr_est        1.7837e-01 (6.383e-03) 9.5386e-01 (7.602e+01) 7.7595e-01 (7.601e+01) 8.3295e-01 (7.510e+01) 8.9181e-01 (7.509e+01) 1.6943e-01 (2.283e-03) 1.6620e-01 (2.121e-03)


Graph 11 
                               y_selected                      y              yhat_true           yhat_imputed                  y_mix        y_weighted_true         y_weighted_est
yhat_true          2.0193e-01 (1.002e-02) 1.7562e-01 (2.113e-03) 0.0000e+00 (0.000e+00) 9.8352e-02 (1.997e-02) 1.2964e-01 (2.078e-02) 1.7531e-01 (4.532e-03) 1.7664e-01 (4.073e-03)
yhat_naive         1.5093e-01 (6.557e-03) 3.0722e+00 (3.929e+03) 2.8960e+00 (3.929e+03) 2.9516e+00 (3.910e+03) 2.9827e+00 (3.910e+03) 2.0353e-01 (8.253e-03) 1.9635e-01 (6.395e-03)
yhat_recursive     1.9927e-01 (1.044e-02) 2.0787e-01 (1.884e-02) 3.2326e-02 (1.683e-02) 6.5865e-02 (2.971e-03) 9.7178e-02 (2.857e-03) 1.6897e-01 (4.328e-03) 1.6956e-01 (3.788e-03)
yhat_recursive_mix 1.9901e-01 (1.042e-02) 2.0788e-01 (1.883e-02) 3.2284e-02 (1.681e-02) 6.5963e-02 (2.969e-03) 9.7176e-02 (2.856e-03) 1.6859e-01 (4.333e-03) 1.6916e-01 (3.783e-03)
yhat_ipw_true      1.9659e-01 (9.481e-03) 7.7963e+01 (1.057e+06) 7.7789e+01 (1.057e+06) 7.7776e+01 (1.060e+06) 7.7806e+01 (1.060e+06) 1.3335e-01 (3.113e-03) 1.4719e-01 (3.285e-03)
yhat_ipw_est       1.9341e-01 (9.210e-03) 7.8763e+01 (8.671e+05) 7.8589e+01 (8.671e+05) 7.8661e+01 (8.696e+05) 7.8691e+01 (8.696e+05) 1.4246e-01 (3.793e-03) 1.3999e-01 (2.963e-03)
yhat_dr_true       1.9486e-01 (9.350e-03) 7.7032e+01 (1.056e+06) 7.6857e+01 (1.056e+06) 7.6912e+01 (1.059e+06) 7.6943e+01 (1.059e+06) 1.3381e-01 (3.132e-03) 1.4767e-01 (3.300e-03)
yhat_dr_est        1.9173e-01 (9.083e-03) 7.7032e+01 (8.669e+05) 7.6858e+01 (8.669e+05) 7.6986e+01 (8.695e+05) 7.7017e+01 (8.695e+05) 1.4308e-01 (3.806e-03) 1.4059e-01 (2.974e-03)


Graph 12 
                               y_selected                      y              yhat_true           yhat_imputed                  y_mix        y_weighted_true         y_weighted_est
yhat_true          1.5083e-01 (6.019e-03) 1.4812e-01 (3.134e-03) 0.0000e+00 (0.000e+00) 9.7752e-02 (4.111e-03) 1.2664e-01 (4.153e-03) 1.4772e-01 (3.502e-03) 1.4742e-01 (3.395e-03)
yhat_naive         1.0169e-01 (4.232e-03) 2.2176e-01 (1.854e-02) 7.3331e-02 (1.175e-02) 1.6778e-01 (1.980e-02) 1.9660e-01 (1.899e-02) 2.0614e-01 (9.899e-03) 2.0841e-01 (9.965e-03)
yhat_recursive     1.5072e-01 (6.191e-03) 1.5222e-01 (3.684e-03) 4.2231e-03 (3.418e-04) 9.3360e-02 (3.304e-03) 1.2226e-01 (3.328e-03) 1.4626e-01 (3.432e-03) 1.4570e-01 (3.325e-03)
yhat_recursive_mix 1.5073e-01 (6.194e-03) 1.5223e-01 (3.686e-03) 4.1606e-03 (3.431e-04) 9.3437e-02 (3.303e-03) 1.2230e-01 (3.328e-03) 1.4625e-01 (3.431e-03) 1.4566e-01 (3.321e-03)
yhat_ipw_true      1.4984e-01 (6.067e-03) 1.8218e-01 (3.673e-02) 3.4808e-02 (3.182e-02) 1.2581e-01 (3.382e-02) 1.5451e-01 (3.362e-02) 1.3760e-01 (3.020e-03) 1.4139e-01 (3.168e-03)
yhat_ipw_est       1.5093e-01 (5.882e-03) 1.9976e-01 (7.796e-02) 5.2330e-02 (7.121e-02) 1.4228e-01 (6.713e-02) 1.7096e-01 (6.703e-02) 1.4102e-01 (3.127e-03) 1.3691e-01 (3.022e-03)
yhat_dr_true       1.4901e-01 (6.002e-03) 1.8011e-01 (3.352e-02) 3.2818e-02 (2.829e-02) 1.2419e-01 (3.193e-02) 1.5287e-01 (3.153e-02) 1.3776e-01 (3.018e-03) 1.4162e-01 (3.161e-03)
yhat_dr_est        1.5015e-01 (5.829e-03) 1.9013e-01 (6.108e-02) 4.2961e-02 (5.496e-02) 1.3293e-01 (5.141e-02) 1.6159e-01 (5.101e-02) 1.4119e-01 (3.135e-03) 1.3706e-01 (3.022e-03)


Graph 13 
                               y_selected                      y              yhat_true           yhat_imputed                  y_mix        y_weighted_true         y_weighted_est
yhat_true          1.6774e-01 (1.191e-02) 1.4826e-01 (3.236e-03) 0.0000e+00 (0.000e+00) 1.5020e-01 (2.362e-01) 1.6388e-01 (2.362e-01) 1.4722e-01 (4.800e-03) 1.4574e-01 (4.202e-03)
yhat_naive         1.0432e-01 (5.109e-03) 3.0718e-01 (2.243e+00) 1.5853e-01 (2.243e+00) 2.7778e-01 (2.380e+00) 2.9140e-01 (2.379e+00) 1.8732e-01 (1.326e-02) 1.7684e-01 (9.736e-03)
yhat_recursive     1.6596e-01 (1.235e-02) 1.8867e-01 (6.319e-02) 4.0392e-02 (5.856e-02) 1.0947e-01 (7.181e-02) 1.2316e-01 (7.146e-02) 1.4559e-01 (7.047e-03) 1.4291e-01 (5.212e-03)
yhat_recursive_mix 1.6588e-01 (1.234e-02) 1.8866e-01 (6.319e-02) 4.0371e-02 (5.856e-02) 1.0950e-01 (7.181e-02) 1.2316e-01 (7.146e-02) 1.4550e-01 (7.050e-03) 1.4281e-01 (5.210e-03)
yhat_ipw_true      1.6219e-01 (1.117e-02) 1.0013e+01 (6.246e+03) 9.8658e+00 (6.246e+03) 9.9909e+00 (6.204e+03) 1.0004e+01 (6.204e+03) 1.0932e-01 (2.790e-03) 1.2289e-01 (3.445e-03)
yhat_ipw_est       1.5894e-01 (1.083e-02) 9.1954e+00 (9.403e+03) 9.0478e+00 (9.403e+03) 9.1010e+00 (9.271e+03) 9.1144e+00 (9.271e+03) 1.2192e-01 (3.977e-03) 1.1415e-01 (2.920e-03)
yhat_dr_true       1.6053e-01 (1.088e-02) 8.2004e+00 (5.414e+03) 8.0528e+00 (5.414e+03) 8.1827e+00 (5.377e+03) 8.1961e+00 (5.377e+03) 1.0973e-01 (2.805e-03) 1.2335e-01 (3.450e-03)
yhat_dr_est        1.5725e-01 (1.061e-02) 8.3149e+00 (9.042e+03) 8.1674e+00 (9.041e+03) 8.2404e+00 (8.914e+03) 8.2538e+00 (8.915e+03) 1.2260e-01 (3.938e-03) 1.1449e-01 (2.912e-03)


Graph 14 
                               y_selected                      y              yhat_true           yhat_imputed                  y_mix        y_weighted_true         y_weighted_est
yhat_true          3.2161e-01 (7.057e-02) 3.2087e-01 (6.555e-02) 0.0000e+00 (0.000e+00) 2.2208e-01 (4.264e-02) 2.7337e-01 (5.533e-02) 3.2171e-01 (7.103e-02) 3.2055e-01 (6.918e-02)
yhat_naive         2.0512e-01 (2.257e-02) 4.3794e-01 (1.449e-01) 1.1692e-01 (1.640e-02) 3.3355e-01 (1.126e-01) 3.8466e-01 (1.321e-01) 4.3193e-01 (1.655e-01) 4.2606e-01 (1.470e-01)
yhat_recursive     3.2012e-01 (7.264e-02) 3.2485e-01 (6.629e-02) 3.5413e-03 (1.024e-05) 2.1883e-01 (4.237e-02) 2.7032e-01 (5.503e-02) 3.1990e-01 (7.116e-02) 3.1884e-01 (6.939e-02)
yhat_recursive_mix 3.1966e-01 (7.245e-02) 3.2463e-01 (6.617e-02) 3.4263e-03 (9.092e-06) 2.1879e-01 (4.232e-02) 2.7012e-01 (5.494e-02) 3.1948e-01 (7.095e-02) 3.1836e-01 (6.911e-02)
yhat_ipw_true      3.2032e-01 (7.650e-02) 3.4704e-01 (7.563e-02) 2.8050e-02 (7.759e-04) 2.4327e-01 (5.103e-02) 2.9363e-01 (6.449e-02) 2.9296e-01 (5.985e-02) 3.0293e-01 (6.382e-02)
yhat_ipw_est       3.1431e-01 (6.696e-02) 3.4769e-01 (7.614e-02) 2.8969e-02 (9.997e-04) 2.4398e-01 (5.128e-02) 2.9428e-01 (6.477e-02) 3.0065e-01 (6.290e-02) 2.9194e-01 (5.942e-02)
yhat_dr_true       3.1991e-01 (7.650e-02) 3.4642e-01 (7.543e-02) 2.7457e-02 (7.609e-04) 2.4271e-01 (5.089e-02) 2.9305e-01 (6.432e-02) 2.9333e-01 (5.992e-02) 3.0339e-01 (6.394e-02)
yhat_dr_est        3.1397e-01 (6.697e-02) 3.4726e-01 (7.597e-02) 2.8549e-02 (9.924e-04) 2.4355e-01 (5.114e-02) 2.9383e-01 (6.462e-02) 3.0098e-01 (6.306e-02) 2.9228e-01 (5.958e-02)


Graph 15 
                               y_selected                      y              yhat_true           yhat_imputed                  y_mix        y_weighted_true         y_weighted_est
yhat_true          1.3815e-01 (3.176e-02) 1.3505e-01 (2.803e-02) 0.0000e+00 (0.000e+00) 7.5334e-02 (9.515e-03) 1.0647e-01 (1.778e-02) 1.3563e-01 (2.903e-02) 1.3498e-01 (2.924e-02)
yhat_naive         1.2596e-01 (2.565e-02) 1.6743e-01 (6.067e-02) 3.2105e-02 (1.888e-02) 1.0251e-01 (3.304e-02) 1.3342e-01 (4.403e-02) 1.5257e-01 (4.230e-02) 1.5644e-01 (4.463e-02)
yhat_recursive     1.3713e-01 (3.146e-02) 1.3738e-01 (2.876e-02) 2.4138e-03 (1.828e-05) 7.2838e-02 (9.125e-03) 1.0406e-01 (1.724e-02) 1.3380e-01 (2.878e-02) 1.3295e-01 (2.869e-02)
yhat_recursive_mix 1.3703e-01 (3.134e-02) 1.3739e-01 (2.874e-02) 2.3461e-03 (1.815e-05) 7.2951e-02 (9.144e-03) 1.0407e-01 (1.723e-02) 1.3366e-01 (2.870e-02) 1.3278e-01 (2.857e-02)
yhat_ipw_true      1.3740e-01 (3.131e-02) 1.5483e-01 (6.161e-02) 2.0384e-02 (2.811e-02) 9.0378e-02 (3.811e-02) 1.2115e-01 (4.698e-02) 1.2586e-01 (2.562e-02) 1.2854e-01 (2.702e-02)
yhat_ipw_est       1.3795e-01 (3.140e-02) 1.5069e-01 (3.756e-02) 1.6384e-02 (4.125e-03) 8.6408e-02 (1.607e-02) 1.1715e-01 (2.490e-02) 1.2831e-01 (2.670e-02) 1.2542e-01 (2.571e-02)
yhat_dr_true       1.3686e-01 (3.102e-02) 1.5278e-01 (5.090e-02) 1.8269e-02 (1.757e-02) 8.8226e-02 (2.813e-02) 1.1902e-01 (3.697e-02) 1.2652e-01 (2.588e-02) 1.2934e-01 (2.732e-02)
yhat_dr_est        1.3754e-01 (3.128e-02) 1.5411e-01 (5.158e-02) 1.9735e-02 (1.825e-02) 8.9501e-02 (2.872e-02) 1.2025e-01 (3.746e-02) 1.2861e-01 (2.682e-02) 1.2591e-01 (2.591e-02)


Graph 16 
                               y_selected                      y              yhat_true           yhat_imputed                  y_mix        y_weighted_true         y_weighted_est
yhat_true          1.5210e-01 (2.078e-02) 1.5102e-01 (1.952e-02) 0.0000e+00 (0.000e+00) 6.5781e-02 (6.702e-03) 1.1093e-01 (1.174e-02) 1.4915e-01 (1.886e-02) 1.4795e-01 (1.785e-02)
yhat_naive         1.4135e-01 (1.778e-02) 1.7581e-01 (3.185e-02) 2.4515e-02 (3.061e-03) 8.2606e-02 (1.316e-02) 1.2762e-01 (1.912e-02) 1.6071e-01 (2.358e-02) 1.6484e-01 (2.585e-02)
yhat_recursive     1.5114e-01 (2.037e-02) 1.5491e-01 (2.022e-02) 3.7666e-03 (3.300e-05) 6.2010e-02 (6.433e-03) 1.0733e-01 (1.132e-02) 1.4650e-01 (1.825e-02) 1.4554e-01 (1.743e-02)
yhat_recursive_mix 1.5094e-01 (2.034e-02) 1.5483e-01 (2.021e-02) 3.6782e-03 (3.256e-05) 6.2115e-02 (6.442e-03) 1.0726e-01 (1.131e-02) 1.4616e-01 (1.815e-02) 1.4521e-01 (1.735e-02)
yhat_ipw_true      1.5080e-01 (2.027e-02) 1.6563e-01 (2.424e-02) 1.5111e-02 (1.137e-03) 7.3948e-02 (9.144e-03) 1.1859e-01 (1.444e-02) 1.3801e-01 (1.603e-02) 1.3931e-01 (1.630e-02)
yhat_ipw_est       1.5184e-01 (2.024e-02) 1.6713e-01 (2.478e-02) 1.6769e-02 (1.903e-03) 7.5842e-02 (1.012e-02) 1.2042e-01 (1.546e-02) 1.4021e-01 (1.664e-02) 1.3622e-01 (1.547e-02)
yhat_dr_true       1.5011e-01 (2.012e-02) 1.6499e-01 (2.397e-02) 1.4473e-02 (1.111e-03) 7.3120e-02 (8.925e-03) 1.1775e-01 (1.415e-02) 1.3875e-01 (1.618e-02) 1.4022e-01 (1.644e-02)
yhat_dr_est        1.5126e-01 (2.009e-02) 1.6586e-01 (2.412e-02) 1.5463e-02 (1.754e-03) 7.4575e-02 (9.636e-03) 1.1916e-01 (1.484e-02) 1.4069e-01 (1.676e-02) 1.3693e-01 (1.564e-02)


Graph 17 
                               y_selected                      y              yhat_true           yhat_imputed                  y_mix        y_weighted_true         y_weighted_est
yhat_true          3.3759e-01 (7.935e-02) 3.2692e-01 (6.184e-02) 0.0000e+00 (0.000e+00) 2.4134e-01 (4.407e-02) 2.6911e-01 (5.032e-02) 3.2342e-01 (7.708e-02) 3.2034e-01 (6.555e-02)
yhat_naive         2.1393e-01 (2.715e-02) 4.7522e-01 (2.092e-01) 1.4803e-01 (8.873e-02) 3.5220e-01 (1.722e-01) 3.7970e-01 (1.808e-01) 3.8700e-01 (1.465e-01) 3.6256e-01 (1.009e-01)
yhat_recursive     3.3361e-01 (7.821e-02) 3.5278e-01 (6.793e-02) 2.5117e-02 (1.110e-03) 2.1637e-01 (4.049e-02) 2.4420e-01 (4.631e-02) 3.1237e-01 (7.086e-02) 3.1202e-01 (6.480e-02)
yhat_recursive_mix 3.3327e-01 (7.806e-02) 3.5269e-01 (6.789e-02) 2.5088e-02 (1.109e-03) 2.1634e-01 (4.048e-02) 2.4412e-01 (4.629e-02) 3.1199e-01 (7.066e-02) 3.1157e-01 (6.455e-02)
yhat_ipw_true      3.2498e-01 (7.492e-02) 9.3202e-01 (6.306e+01) 6.0781e-01 (6.287e+01) 7.9647e-01 (5.938e+01) 8.2311e-01 (5.940e+01) 2.2004e-01 (3.071e-02) 2.5841e-01 (4.556e-02)
yhat_ipw_est       3.1666e-01 (6.791e-02) 8.0834e-01 (3.522e+01) 4.8423e-01 (3.505e+01) 6.7512e-01 (3.297e+01) 7.0167e-01 (3.299e+01) 2.4643e-01 (4.186e-02) 2.3942e-01 (3.658e-02)
yhat_dr_true       3.2443e-01 (7.469e-02) 9.2895e-01 (6.302e+01) 6.0476e-01 (6.283e+01) 7.9325e-01 (5.934e+01) 8.1989e-01 (5.936e+01) 2.2031e-01 (3.071e-02) 2.5874e-01 (4.558e-02)
yhat_dr_est        3.1626e-01 (6.790e-02) 8.0498e-01 (3.519e+01) 4.8082e-01 (3.501e+01) 6.7179e-01 (3.294e+01) 6.9833e-01 (3.296e+01) 2.4700e-01 (4.195e-02) 2.3993e-01 (3.669e-02)


Graph 18 
                               y_selected                      y              yhat_true           yhat_imputed                  y_mix        y_weighted_true         y_weighted_est
yhat_true          1.2084e-01 (2.771e-02) 1.1847e-01 (2.346e-02) 0.0000e+00 (0.000e+00) 9.2009e-02 (2.845e-02) 1.0672e-01 (3.412e-02) 1.1926e-01 (3.089e-02) 1.1822e-01 (2.856e-02)
yhat_naive         1.0351e-01 (2.200e-02) 2.2909e-01 (6.567e-01) 1.0997e-01 (5.813e-01) 1.7056e-01 (4.972e-01) 1.8507e-01 (5.113e-01) 1.1199e-01 (2.207e-02) 1.1885e-01 (2.513e-02)
yhat_recursive     1.1906e-01 (2.701e-02) 1.4747e-01 (4.360e-02) 2.8873e-02 (1.143e-02) 6.3028e-02 (8.939e-03) 7.7739e-02 (1.303e-02) 1.1028e-01 (2.708e-02) 1.1171e-01 (2.561e-02)
yhat_recursive_mix 1.1889e-01 (2.697e-02) 1.4748e-01 (4.360e-02) 2.8884e-02 (1.142e-02) 6.3060e-02 (8.942e-03) 7.7725e-02 (1.302e-02) 1.1004e-01 (2.699e-02) 1.1151e-01 (2.559e-02)
yhat_ipw_true      1.1759e-01 (2.670e-02) 6.1481e+00 (2.735e+03) 6.0296e+00 (2.731e+03) 6.0366e+00 (2.638e+03) 6.0509e+00 (2.639e+03) 8.5104e-02 (1.284e-02) 9.7242e-02 (1.798e-02)
yhat_ipw_est       1.1750e-01 (2.600e-02) 5.8783e+00 (2.952e+03) 5.7602e+00 (2.948e+03) 5.7289e+00 (2.858e+03) 5.7432e+00 (2.859e+03) 8.9116e-02 (1.385e-02) 9.3814e-02 (1.731e-02)
yhat_dr_true       1.1511e-01 (2.593e-02) 5.9164e+00 (2.727e+03) 5.7980e+00 (2.723e+03) 5.8126e+00 (2.631e+03) 5.8270e+00 (2.632e+03) 8.6192e-02 (1.311e-02) 9.8318e-02 (1.829e-02)
yhat_dr_est        1.1542e-01 (2.518e-02) 5.8568e+00 (2.951e+03) 5.7386e+00 (2.947e+03) 5.7062e+00 (2.858e+03) 5.7205e+00 (2.859e+03) 9.0704e-02 (1.438e-02) 9.5050e-02 (1.766e-02)


Graph 19 
                               y_selected                      y              yhat_true           yhat_imputed                  y_mix        y_weighted_true         y_weighted_est
yhat_true          1.6093e-01 (3.429e-02) 1.5585e-01 (2.046e-02) 0.0000e+00 (0.000e+00) 1.1467e-01 (3.406e-02) 1.3887e-01 (3.867e-02) 1.5667e-01 (2.330e-02) 1.5823e-01 (2.529e-02)
yhat_naive         1.3960e-01 (1.924e-02) 2.7149e-01 (3.838e-01) 1.1462e-01 (3.443e-01) 1.6652e-01 (4.202e-01) 1.9057e-01 (4.249e-01) 1.4829e-01 (2.538e-02) 1.5719e-01 (2.880e-02)
yhat_recursive     1.5826e-01 (3.057e-02) 2.0573e-01 (4.925e-02) 4.9377e-02 (2.044e-02) 6.5182e-02 (8.957e-03) 8.9438e-02 (1.112e-02) 1.4400e-01 (2.084e-02) 1.4860e-01 (2.258e-02)
yhat_recursive_mix 1.5797e-01 (3.055e-02) 2.0566e-01 (4.923e-02) 4.9320e-02 (2.043e-02) 6.5227e-02 (8.958e-03) 8.9408e-02 (1.111e-02) 1.4357e-01 (2.074e-02) 1.4818e-01 (2.245e-02)
yhat_ipw_true      1.5632e-01 (3.303e-02) 1.2324e+01 (1.025e+04) 1.2169e+01 (1.025e+04) 1.2427e+01 (1.073e+04) 1.2451e+01 (1.073e+04) 1.1060e-01 (1.345e-02) 1.2893e-01 (1.770e-02)
yhat_ipw_est       1.5695e-01 (3.117e-02) 9.2048e+00 (4.188e+03) 9.0493e+00 (4.186e+03) 9.2703e+00 (4.556e+03) 9.2938e+00 (4.556e+03) 1.1686e-01 (1.478e-02) 1.2329e-01 (1.585e-02)
yhat_dr_true       1.5365e-01 (3.062e-02) 1.1890e+01 (1.024e+04) 1.1734e+01 (1.023e+04) 1.1955e+01 (1.071e+04) 1.1979e+01 (1.071e+04) 1.1230e-01 (1.383e-02) 1.3049e-01 (1.800e-02)
yhat_dr_est        1.5453e-01 (2.901e-02) 9.0091e+00 (4.183e+03) 8.8534e+00 (4.182e+03) 9.0404e+00 (4.549e+03) 9.0639e+00 (4.549e+03) 1.1782e-01 (1.482e-02) 1.2461e-01 (1.612e-02)


Graph 20 
                               y_selected                      y              yhat_true           yhat_imputed                  y_mix        y_weighted_true         y_weighted_est
yhat_true          1.4309e-01 (4.874e-02) 1.4550e-01 (5.052e-02) 0.0000e+00 (0.000e+00) 1.1393e-01 (3.590e-02) 1.3081e-01 (4.252e-02) 1.4653e-01 (5.346e-02) 1.4485e-01 (4.857e-02)
yhat_naive         8.6308e-02 (1.382e-02) 3.0035e-01 (2.620e+00) 1.5446e-01 (2.494e+00) 2.6639e-01 (2.650e+00) 2.8320e-01 (2.663e+00) 2.1433e-01 (1.358e-01) 2.1346e-01 (1.239e-01)
yhat_recursive     1.4287e-01 (4.869e-02) 1.4769e-01 (5.175e-02) 2.2401e-03 (4.075e-05) 1.1168e-01 (3.485e-02) 1.2863e-01 (4.137e-02) 1.4541e-01 (5.246e-02) 1.4375e-01 (4.797e-02)
yhat_recursive_mix 1.4279e-01 (4.871e-02) 1.4766e-01 (5.176e-02) 2.1927e-03 (4.035e-05) 1.1173e-01 (3.487e-02) 1.2861e-01 (4.138e-02) 1.4532e-01 (5.246e-02) 1.4367e-01 (4.798e-02)
yhat_ipw_true      1.4258e-01 (4.901e-02) 4.0138e-01 (1.197e+01) 2.5625e-01 (1.184e+01) 3.6239e-01 (1.195e+01) 3.7913e-01 (1.197e+01) 1.3475e-01 (4.391e-02) 1.3896e-01 (4.540e-02)
yhat_ipw_est       1.4086e-01 (4.417e-02) 3.7660e-01 (1.695e+01) 2.3147e-01 (1.687e+01) 3.4131e-01 (1.718e+01) 3.5804e-01 (1.720e+01) 1.3897e-01 (4.817e-02) 1.3465e-01 (4.232e-02)
yhat_dr_true       1.4188e-01 (4.861e-02) 3.7646e-01 (9.507e+00) 2.3126e-01 (9.385e+00) 3.3679e-01 (9.460e+00) 3.5350e-01 (9.473e+00) 1.3506e-01 (4.409e-02) 1.3929e-01 (4.549e-02)
yhat_dr_est        1.4039e-01 (4.410e-02) 3.6555e-01 (1.413e+01) 2.2046e-01 (1.403e+01) 3.3032e-01 (1.432e+01) 3.4702e-01 (1.434e+01) 1.3899e-01 (4.766e-02) 1.3480e-01 (4.212e-02)


Graph 21 
                               y_selected                      y              yhat_true           yhat_imputed                  y_mix        y_weighted_true         y_weighted_est
yhat_true          1.6514e-01 (8.864e-02) 1.4102e-01 (4.277e-02) 0.0000e+00 (0.000e+00) 1.3234e-01 (7.726e-02) 1.4071e-01 (8.056e-02) 1.4041e-01 (4.568e-02) 1.3830e-01 (4.160e-02)
yhat_naive         9.5476e-02 (2.277e-02) 5.0466e-01 (1.516e+01) 3.6316e-01 (1.475e+01) 4.8102e-01 (1.696e+01) 4.8929e-01 (1.697e+01) 1.8166e-01 (9.474e-02) 1.6970e-01 (7.945e-02)
yhat_recursive     1.6491e-01 (8.726e-02) 1.6192e-01 (5.786e-02) 2.0752e-02 (7.039e-03) 1.1158e-01 (4.695e-02) 1.1998e-01 (4.966e-02) 1.3949e-01 (4.820e-02) 1.3727e-01 (4.329e-02)
yhat_recursive_mix 1.6476e-01 (8.715e-02) 1.6192e-01 (5.786e-02) 2.0748e-02 (7.040e-03) 1.1159e-01 (4.695e-02) 1.1997e-01 (4.966e-02) 1.3939e-01 (4.818e-02) 1.3719e-01 (4.328e-02)
yhat_ipw_true      1.6019e-01 (8.680e-02) 1.9180e+01 (3.132e+04) 1.9040e+01 (3.132e+04) 1.9044e+01 (3.122e+04) 1.9052e+01 (3.122e+04) 1.0157e-01 (2.399e-02) 1.1526e-01 (2.925e-02)
yhat_ipw_est       1.5482e-01 (7.713e-02) 1.5258e+01 (2.162e+04) 1.5118e+01 (2.162e+04) 1.5229e+01 (2.189e+04) 1.5237e+01 (2.189e+04) 1.1260e-01 (2.996e-02) 1.0658e-01 (2.497e-02)
yhat_dr_true       1.5867e-01 (8.503e-02) 1.9199e+01 (3.132e+04) 1.9060e+01 (3.132e+04) 1.9067e+01 (3.122e+04) 1.9075e+01 (3.122e+04) 1.0194e-01 (2.429e-02) 1.1555e-01 (2.938e-02)
yhat_dr_est        1.5333e-01 (7.578e-02) 1.5328e+01 (2.101e+04) 1.5188e+01 (2.100e+04) 1.5303e+01 (2.127e+04) 1.5311e+01 (2.127e+04) 1.1303e-01 (3.002e-02) 1.0697e-01 (2.529e-02)


Graph 22 
                               y_selected                      y              yhat_true           yhat_imputed                  y_mix        y_weighted_true         y_weighted_est
yhat_true          1.6725e-01 (4.520e-02) 1.6533e-01 (4.180e-02) 0.0000e+00 (0.000e+00) 1.0382e-01 (2.146e-02) 1.3535e-01 (3.067e-02) 1.6548e-01 (4.399e-02) 1.6418e-01 (4.061e-02)
yhat_naive         1.1856e-01 (1.708e-02) 2.3951e-01 (1.133e-01) 7.3911e-02 (2.100e-02) 1.7184e-01 (7.646e-02) 2.0320e-01 (9.152e-02) 2.2466e-01 (1.083e-01) 2.2558e-01 (9.819e-02)
yhat_recursive     1.6536e-01 (4.371e-02) 1.6741e-01 (4.234e-02) 2.2482e-03 (1.060e-05) 1.0150e-01 (2.107e-02) 1.3313e-01 (3.021e-02) 1.6336e-01 (4.318e-02) 1.6211e-01 (3.985e-02)
yhat_recursive_mix 1.6520e-01 (4.353e-02) 1.6740e-01 (4.228e-02) 2.1694e-03 (1.000e-05) 1.0161e-01 (2.109e-02) 1.3310e-01 (3.016e-02) 1.6313e-01 (4.304e-02) 1.6189e-01 (3.972e-02)
yhat_ipw_true      1.6537e-01 (4.567e-02) 2.0677e-01 (1.197e-01) 4.2194e-02 (6.222e-02) 1.4075e-01 (9.549e-02) 1.7188e-01 (1.068e-01) 1.5341e-01 (3.770e-02) 1.5666e-01 (3.789e-02)
yhat_ipw_est       1.6377e-01 (4.041e-02) 2.1238e-01 (1.512e-01) 4.7826e-02 (9.296e-02) 1.4640e-01 (1.261e-01) 1.7753e-01 (1.377e-01) 1.5671e-01 (3.999e-02) 1.5282e-01 (3.593e-02)
yhat_dr_true       1.6464e-01 (4.511e-02) 2.0339e-01 (1.163e-01) 3.8803e-02 (6.026e-02) 1.3735e-01 (9.270e-02) 1.6848e-01 (1.038e-01) 1.5408e-01 (3.811e-02) 1.5734e-01 (3.821e-02)
yhat_dr_est        1.6306e-01 (3.986e-02) 2.0300e-01 (1.376e-01) 3.8428e-02 (7.990e-02) 1.3728e-01 (1.137e-01) 1.6840e-01 (1.251e-01) 1.5729e-01 (4.028e-02) 1.5349e-01 (3.625e-02)


Graph 23 
                               y_selected                      y              yhat_true           yhat_imputed                  y_mix        y_weighted_true         y_weighted_est
yhat_true          2.0173e-01 (4.013e-02) 2.0168e-01 (3.771e-02) 0.0000e+00 (0.000e+00) 1.1460e-01 (1.933e-02) 1.6173e-01 (2.730e-02) 2.0299e-01 (4.056e-02) 2.0350e-01 (4.041e-02)
yhat_naive         1.4849e-01 (1.713e-02) 2.8233e-01 (1.038e-01) 8.0327e-02 (2.102e-02) 1.8602e-01 (7.330e-02) 2.3298e-01 (8.577e-02) 2.6729e-01 (1.005e-01) 2.7274e-01 (1.066e-01)
yhat_recursive     2.0083e-01 (3.953e-02) 2.0675e-01 (3.867e-02) 4.9665e-03 (5.628e-05) 1.0963e-01 (1.903e-02) 1.5693e-01 (2.676e-02) 1.9961e-01 (3.969e-02) 2.0004e-01 (3.969e-02)
yhat_recursive_mix 2.0061e-01 (3.939e-02) 2.0669e-01 (3.865e-02) 4.8778e-03 (5.594e-05) 1.0977e-01 (1.906e-02) 1.5689e-01 (2.675e-02) 1.9940e-01 (3.973e-02) 1.9984e-01 (3.972e-02)
yhat_ipw_true      2.0064e-01 (4.025e-02) 4.4547e+00 (8.879e+03) 4.2536e+00 (8.878e+03) 4.3734e+00 (8.936e+03) 4.4200e+00 (8.935e+03) 1.8760e-01 (3.548e-02) 1.9251e-01 (3.746e-02)
yhat_ipw_est       2.0161e-01 (4.121e-02) 3.9286e+00 (6.789e+03) 3.7277e+00 (6.788e+03) 3.8466e+00 (6.835e+03) 3.8932e+00 (6.835e+03) 1.9166e-01 (3.738e-02) 1.8781e-01 (3.545e-02)
yhat_dr_true       1.9984e-01 (4.010e-02) 4.4567e+00 (8.879e+03) 4.2556e+00 (8.878e+03) 4.3749e+00 (8.936e+03) 4.4216e+00 (8.935e+03) 1.8817e-01 (3.553e-02) 1.9340e-01 (3.766e-02)
yhat_dr_est        2.0069e-01 (4.093e-02) 3.9205e+00 (6.789e+03) 3.7197e+00 (6.788e+03) 3.8372e+00 (6.835e+03) 3.8838e+00 (6.835e+03) 1.9208e-01 (3.732e-02) 1.8834e-01 (3.533e-02)


Graph 24 
                               y_selected                      y              yhat_true           yhat_imputed                  y_mix        y_weighted_true         y_weighted_est
yhat_true          1.7574e-01 (5.171e-02) 1.6165e-01 (3.574e-02) 0.0000e+00 (0.000e+00) 1.2535e-01 (2.852e-02) 1.4257e-01 (3.491e-02) 1.6418e-01 (3.931e-02) 1.6225e-01 (4.016e-02)
yhat_naive         1.1423e-01 (1.626e-02) 7.9648e-01 (1.349e+02) 6.3466e-01 (1.347e+02) 7.2374e-01 (1.340e+02) 7.4080e-01 (1.341e+02) 1.9739e-01 (7.095e-02) 1.8898e-01 (6.425e-02)
yhat_recursive     1.7459e-01 (5.202e-02) 1.8518e-01 (4.665e-02) 2.3597e-02 (4.969e-03) 1.0156e-01 (2.063e-02) 1.1880e-01 (2.546e-02) 1.5510e-01 (3.420e-02) 1.5733e-01 (3.783e-02)
yhat_recursive_mix 1.7445e-01 (5.204e-02) 1.8523e-01 (4.669e-02) 2.3600e-02 (4.967e-03) 1.0164e-01 (2.065e-02) 1.1881e-01 (2.547e-02) 1.5485e-01 (3.420e-02) 1.5711e-01 (3.782e-02)
yhat_ipw_true      1.7143e-01 (5.447e-02) 3.3332e+01 (5.708e+04) 3.3171e+01 (5.707e+04) 3.3163e+01 (5.654e+04) 3.3180e+01 (5.654e+04) 1.1822e-01 (2.011e-02) 1.3365e-01 (2.717e-02)
yhat_ipw_est       1.6633e-01 (4.749e-02) 2.8801e+01 (5.005e+04) 2.8641e+01 (5.004e+04) 2.8649e+01 (4.979e+04) 2.8666e+01 (4.979e+04) 1.2867e-01 (2.633e-02) 1.2626e-01 (2.365e-02)
yhat_dr_true       1.6957e-01 (5.395e-02) 2.7202e+01 (3.931e+04) 2.7042e+01 (3.930e+04) 2.7028e+01 (3.874e+04) 2.7045e+01 (3.875e+04) 1.1874e-01 (2.018e-02) 1.3420e-01 (2.724e-02)
yhat_dr_est        1.6438e-01 (4.659e-02) 2.8313e+01 (5.008e+04) 2.8153e+01 (5.007e+04) 2.8165e+01 (4.983e+04) 2.8182e+01 (4.983e+04) 1.2916e-01 (2.640e-02) 1.2673e-01 (2.372e-02)


Graph 25 
                               y_selected                      y              yhat_true           yhat_imputed                  y_mix        y_weighted_true         y_weighted_est
yhat_true          2.3774e-01 (1.257e-01) 2.1725e-01 (5.355e-02) 0.0000e+00 (0.000e+00) 1.8694e-01 (6.542e-02) 2.1465e-01 (7.540e-02) 2.2337e-01 (7.978e-02) 2.2140e-01 (7.540e-02)
yhat_naive         1.6196e-01 (3.155e-02) 4.9715e-01 (4.241e+00) 2.7903e-01 (4.057e+00) 3.8041e-01 (4.595e+00) 4.0795e-01 (4.615e+00) 2.6147e-01 (1.647e-01) 2.4778e-01 (1.200e-01)
yhat_recursive     2.3370e-01 (1.325e-01) 2.8208e-01 (8.733e-02) 6.4413e-02 (2.910e-02) 1.2243e-01 (3.381e-02) 1.5025e-01 (4.071e-02) 2.1417e-01 (7.374e-02) 2.1621e-01 (7.326e-02)
yhat_recursive_mix 2.3347e-01 (1.327e-01) 2.8202e-01 (8.732e-02) 6.4348e-02 (2.910e-02) 1.2251e-01 (3.384e-02) 1.5022e-01 (4.069e-02) 2.1363e-01 (7.349e-02) 2.1568e-01 (7.284e-02)
yhat_ipw_true      2.3266e-01 (1.553e-01) 2.6958e+01 (3.481e+04) 2.6741e+01 (3.482e+04) 2.7155e+01 (3.636e+04) 2.7181e+01 (3.636e+04) 1.5766e-01 (3.760e-02) 1.7825e-01 (4.324e-02)
yhat_ipw_est       2.2799e-01 (1.324e-01) 2.1030e+01 (2.826e+04) 2.0814e+01 (2.826e+04) 2.1155e+01 (2.954e+04) 2.1182e+01 (2.954e+04) 1.7043e-01 (4.511e-02) 1.6893e-01 (3.973e-02)
yhat_dr_true       2.2872e-01 (1.535e-01) 2.6648e+01 (3.499e+04) 2.6432e+01 (3.499e+04) 2.6834e+01 (3.654e+04) 2.6861e+01 (3.654e+04) 1.5876e-01 (3.769e-02) 1.7957e-01 (4.338e-02)
yhat_dr_est        2.2495e-01 (1.297e-01) 2.0739e+01 (2.827e+04) 2.0523e+01 (2.827e+04) 2.0850e+01 (2.955e+04) 2.0877e+01 (2.955e+04) 1.7099e-01 (4.489e-02) 1.6990e-01 (3.976e-02)


Graph 26 
                               y_selected                      y              yhat_true           yhat_imputed                  y_mix        y_weighted_true         y_weighted_est
yhat_true          1.7816e-01 (4.648e-02) 1.8277e-01 (4.805e-02) 0.0000e+00 (0.000e+00) 1.4601e-01 (3.452e-02) 1.6447e-01 (4.012e-02) 1.8158e-01 (4.752e-02) 1.8242e-01 (4.785e-02)
yhat_naive         1.0474e-01 (1.313e-02) 2.8303e-01 (1.339e-01) 9.9578e-02 (2.486e-02) 2.4263e-01 (1.093e-01) 2.6106e-01 (1.187e-01) 2.6988e-01 (1.285e-01) 2.7318e-01 (1.238e-01)
yhat_recursive     1.7664e-01 (4.505e-02) 1.8496e-01 (4.867e-02) 2.2765e-03 (1.390e-05) 1.4367e-01 (3.398e-02) 1.6215e-01 (3.949e-02) 1.8031e-01 (4.734e-02) 1.8095e-01 (4.739e-02)
yhat_recursive_mix 1.7666e-01 (4.507e-02) 1.8499e-01 (4.869e-02) 2.2476e-03 (1.376e-05) 1.4373e-01 (3.401e-02) 1.6219e-01 (3.951e-02) 1.8029e-01 (4.734e-02) 1.8092e-01 (4.737e-02)
yhat_ipw_true      1.7629e-01 (4.728e-02) 2.2481e-01 (1.594e-01) 4.2736e-02 (1.008e-01) 1.8425e-01 (1.446e-01) 2.0258e-01 (1.507e-01) 1.6789e-01 (4.091e-02) 1.7716e-01 (4.638e-02)
yhat_ipw_est       1.7632e-01 (4.485e-02) 2.3941e-01 (3.330e-01) 5.7559e-02 (2.696e-01) 1.9899e-01 (3.182e-01) 2.1729e-01 (3.246e-01) 1.7400e-01 (4.459e-02) 1.6996e-01 (4.194e-02)
yhat_dr_true       1.7574e-01 (4.707e-02) 2.2373e-01 (1.568e-01) 4.1685e-02 (9.789e-02) 1.8305e-01 (1.421e-01) 2.0138e-01 (1.481e-01) 1.6813e-01 (4.093e-02) 1.7740e-01 (4.640e-02)
yhat_dr_est        1.7576e-01 (4.456e-02) 2.3398e-01 (3.212e-01) 5.2093e-02 (2.568e-01) 1.9310e-01 (3.055e-01) 2.1140e-01 (3.118e-01) 1.7431e-01 (4.466e-02) 1.7028e-01 (4.205e-02)


Graph 27 
                               y_selected                      y              yhat_true           yhat_imputed                  y_mix        y_weighted_true         y_weighted_est
yhat_true          1.9333e-01 (7.881e-02) 1.7487e-01 (4.938e-02) 0.0000e+00 (0.000e+00) 1.7303e-01 (9.508e-02) 1.8330e-01 (9.934e-02) 1.7817e-01 (7.416e-02) 1.7216e-01 (5.596e-02)
yhat_naive         1.1064e-01 (1.879e-02) 6.4916e-01 (4.055e+01) 4.7337e-01 (4.044e+01) 5.8411e-01 (3.697e+01) 5.9430e-01 (3.698e+01) 2.3524e-01 (1.763e-01) 2.0870e-01 (9.026e-02)
yhat_recursive     1.9331e-01 (8.026e-02) 2.0860e-01 (8.945e-02) 3.3774e-02 (3.024e-02) 1.3897e-01 (4.806e-02) 1.4923e-01 (5.144e-02) 1.7271e-01 (7.573e-02) 1.6638e-01 (5.380e-02)
yhat_recursive_mix 1.9333e-01 (8.029e-02) 2.0862e-01 (8.945e-02) 3.3771e-02 (3.025e-02) 1.3899e-01 (4.807e-02) 1.4925e-01 (5.145e-02) 1.7267e-01 (7.568e-02) 1.6634e-01 (5.372e-02)
yhat_ipw_true      1.8386e-01 (7.146e-02) 1.8487e+01 (1.981e+04) 1.8314e+01 (1.981e+04) 1.8440e+01 (1.987e+04) 1.8450e+01 (1.987e+04) 1.2373e-01 (2.977e-02) 1.4347e-01 (4.057e-02)
yhat_ipw_est       1.7659e-01 (6.026e-02) 1.6170e+01 (1.216e+04) 1.5997e+01 (1.216e+04) 1.6063e+01 (1.216e+04) 1.6073e+01 (1.216e+04) 1.4601e-01 (5.963e-02) 1.3086e-01 (2.915e-02)
yhat_dr_true       1.8252e-01 (7.101e-02) 1.7112e+01 (1.975e+04) 1.6939e+01 (1.975e+04) 1.6996e+01 (1.975e+04) 1.7006e+01 (1.975e+04) 1.2405e-01 (2.982e-02) 1.4389e-01 (4.059e-02)
yhat_dr_est        1.7540e-01 (5.998e-02) 1.6019e+01 (1.237e+04) 1.5845e+01 (1.237e+04) 1.5892e+01 (1.236e+04) 1.5902e+01 (1.236e+04) 1.4602e-01 (5.948e-02) 1.3118e-01 (2.917e-02)


