n_iter: 20 
n: 500 

Combined graphs_all 
                                      y         yhat_true      yhat_imputed             y_mix          y_interp  yhat_true_interp yhat_imputed_interp      y_mix_interp y_extrap yhat_true_extrap yhat_imputed_extrap y_mix_extrap        y_selected   y_weighted_true y_weighted_true_clipped    y_weighted_est y_weighted_est_clipped
yhat_true             8.951e-01 (3e-01) 0.000e+00 (0e+00) 1.421e+00 (2e+00) 1.574e+00 (2e+00) 9.076e-01 (3e-01) 0.000e+00 (0e+00)   9.868e-01 (2e+00) 1.189e+00 (2e+00)  NA (NA)          NA (NA)             NA (NA)      NA (NA) 9.404e-01 (5e-01) 9.676e-01 (5e-01)       9.447e-01 (4e-01) 9.260e-01 (5e-01)      9.280e-01 (4e-01)
yhat_imputed          1.699e+00 (3e+00) 1.421e+00 (2e+00) 0.000e+00 (0e+00) 1.413e-01 (1e-01) 1.155e+00 (2e+00) 9.868e-01 (2e+00)   0.000e+00 (0e+00) 1.866e-01 (1e-01)  NA (NA)          NA (NA)             NA (NA)      NA (NA) 3.655e-01 (3e-01) 3.659e-01 (3e-01)       3.677e-01 (3e-01) 3.631e-01 (3e-01)      3.663e-01 (3e-01)
yhat_repeated         1.774e+00 (2e+00) 8.983e-01 (2e+00) 5.475e-01 (7e-01) 6.992e-01 (6e-01) 1.295e+00 (1e+00) 4.024e-01 (1e+00)   5.984e-01 (7e-01) 7.992e-01 (7e-01)  NA (NA)          NA (NA)             NA (NA)      NA (NA) 1.094e+00 (8e-01) 1.092e+00 (9e-01)       1.084e+00 (8e-01) 1.029e+00 (8e-01)      1.052e+00 (8e-01)
yhat_dr_direct        1.774e+00 (2e+00) 8.983e-01 (2e+00) 5.475e-01 (7e-01) 6.992e-01 (6e-01) 1.295e+00 (1e+00) 4.024e-01 (1e+00)   5.984e-01 (7e-01) 7.992e-01 (7e-01)  NA (NA)          NA (NA)             NA (NA)      NA (NA) 1.094e+00 (8e-01) 1.092e+00 (9e-01)       1.084e+00 (8e-01) 1.029e+00 (8e-01)      1.052e+00 (8e-01)
yhat_repeated_mix     1.777e+00 (2e+00) 8.970e-01 (2e+00) 5.485e-01 (7e-01) 7.020e-01 (6e-01) 1.299e+00 (1e+00) 4.012e-01 (1e+00)   6.000e-01 (7e-01) 8.031e-01 (7e-01)  NA (NA)          NA (NA)             NA (NA)      NA (NA) 1.101e+00 (8e-01) 1.098e+00 (9e-01)       1.091e+00 (8e-01) 1.035e+00 (8e-01)      1.059e+00 (8e-01)
yhat_naive            2.642e+00 (7e+00) 1.766e+00 (7e+00) 2.318e+00 (7e+00) 2.472e+00 (7e+00) 1.276e+00 (1e+00) 3.839e-01 (1e+00)   1.207e+00 (3e+00) 1.411e+00 (3e+00)  NA (NA)          NA (NA)             NA (NA)      NA (NA) 7.750e-01 (5e-01) 8.897e-01 (8e-01)       8.182e-01 (5e-01) 8.775e-01 (7e-01)      8.214e-01 (5e-01)
yhat_iw_est_trans_25  2.859e+00 (7e+00) 1.983e+00 (8e+00) 2.512e+00 (7e+00) 2.666e+00 (7e+00) 1.257e+00 (1e+00) 3.649e-01 (1e+00)   1.168e+00 (3e+00) 1.372e+00 (3e+00)  NA (NA)          NA (NA)             NA (NA)      NA (NA) 7.801e-01 (5e-01) 8.872e-01 (8e-01)       8.182e-01 (5e-01) 8.712e-01 (7e-01)      8.189e-01 (5e-01)
yhat_iw_true_trans_25 2.966e+00 (8e+00) 2.090e+00 (8e+00) 2.613e+00 (8e+00) 2.767e+00 (8e+00) 1.261e+00 (1e+00) 3.697e-01 (1e+00)   1.178e+00 (3e+00) 1.382e+00 (3e+00)  NA (NA)          NA (NA)             NA (NA)      NA (NA) 7.799e-01 (5e-01) 8.871e-01 (9e-01)       8.164e-01 (5e-01) 8.739e-01 (7e-01)      8.210e-01 (5e-01)
yhat_iw_est_trans_1   3.212e+00 (9e+00) 2.336e+00 (9e+00) 2.879e+00 (9e+00) 3.033e+00 (9e+00) 1.252e+00 (1e+00) 3.596e-01 (1e+00)   1.152e+00 (3e+00) 1.356e+00 (3e+00)  NA (NA)          NA (NA)             NA (NA)      NA (NA) 7.873e-01 (5e-01) 8.923e-01 (8e-01)       8.233e-01 (5e-01) 8.740e-01 (7e-01)      8.229e-01 (5e-01)
yhat_dr_est_clipped   3.316e+00 (9e+00) 2.465e+00 (9e+00) 3.131e+00 (1e+01) 3.277e+00 (1e+01) 1.187e+00 (9e-01) 3.359e-01 (8e-01)   1.086e+00 (2e+00) 1.278e+00 (2e+00)  NA (NA)          NA (NA)             NA (NA)      NA (NA) 7.242e-01 (4e-01) 7.152e-01 (4e-01)       7.220e-01 (4e-01) 7.054e-01 (4e-01)      7.159e-01 (4e-01)
yhat_iw_true_trans_1  3.487e+00 (1e+01) 2.611e+00 (1e+01) 3.148e+00 (1e+01) 3.302e+00 (1e+01) 1.260e+00 (1e+00) 3.683e-01 (1e+00)   1.169e+00 (3e+00) 1.373e+00 (3e+00)  NA (NA)          NA (NA)             NA (NA)      NA (NA) 7.870e-01 (5e-01) 8.995e-01 (9e-01)       8.220e-01 (5e-01) 8.795e-01 (7e-01)      8.266e-01 (5e-01)
yhat_iw_est_trans_05  3.520e+00 (1e+01) 2.644e+00 (1e+01) 3.180e+00 (1e+01) 3.334e+00 (1e+01) 1.255e+00 (2e+00) 3.631e-01 (1e+00)   1.153e+00 (3e+00) 1.358e+00 (3e+00)  NA (NA)          NA (NA)             NA (NA)      NA (NA) 7.939e-01 (5e-01) 9.062e-01 (9e-01)       8.310e-01 (5e-01) 8.821e-01 (7e-01)      8.297e-01 (5e-01)
yhat_iw_est_clipped   3.520e+00 (1e+01) 2.644e+00 (1e+01) 3.180e+00 (1e+01) 3.334e+00 (1e+01) 1.255e+00 (2e+00) 3.631e-01 (1e+00)   1.153e+00 (3e+00) 1.358e+00 (3e+00)  NA (NA)          NA (NA)             NA (NA)      NA (NA) 7.939e-01 (5e-01) 9.062e-01 (9e-01)       8.310e-01 (5e-01) 8.821e-01 (7e-01)      8.297e-01 (5e-01)
yhat_dr_true_clipped  3.637e+00 (1e+01) 2.787e+00 (1e+01) 3.452e+00 (1e+01) 3.598e+00 (1e+01) 1.202e+00 (9e-01) 3.526e-01 (8e-01)   1.109e+00 (2e+00) 1.301e+00 (2e+00)  NA (NA)          NA (NA)             NA (NA)      NA (NA) 7.234e-01 (4e-01) 6.829e-01 (4e-01)       7.088e-01 (4e-01) 7.217e-01 (4e-01)      7.231e-01 (4e-01)
yhat_iw_true_trans_05 3.859e+00 (1e+01) 2.983e+00 (1e+01) 3.514e+00 (1e+01) 3.668e+00 (1e+01) 1.267e+00 (2e+00) 3.753e-01 (1e+00)   1.175e+00 (3e+00) 1.379e+00 (3e+00)  NA (NA)          NA (NA)             NA (NA)      NA (NA) 7.940e-01 (5e-01) 9.152e-01 (1e+00)       8.298e-01 (5e-01) 8.888e-01 (7e-01)      8.342e-01 (5e-01)
yhat_iw_true_clipped  3.859e+00 (1e+01) 2.983e+00 (1e+01) 3.514e+00 (1e+01) 3.668e+00 (1e+01) 1.267e+00 (2e+00) 3.753e-01 (1e+00)   1.175e+00 (3e+00) 1.379e+00 (3e+00)  NA (NA)          NA (NA)             NA (NA)      NA (NA) 7.940e-01 (5e-01) 9.152e-01 (1e+00)       8.298e-01 (5e-01) 8.888e-01 (7e-01)      8.342e-01 (5e-01)
yhat_dr_est           3.988e+00 (1e+01) 3.140e+00 (1e+01) 3.830e+00 (1e+01) 3.975e+00 (1e+01) 1.194e+00 (9e-01) 3.457e-01 (8e-01)   1.086e+00 (2e+00) 1.277e+00 (2e+00)  NA (NA)          NA (NA)             NA (NA)      NA (NA) 7.420e-01 (4e-01) 6.975e-01 (4e-01)       7.277e-01 (4e-01) 6.813e-01 (4e-01)      7.185e-01 (4e-01)
yhat_iw_est_clip_25   4.092e+00 (1e+01) 3.216e+00 (1e+01) 3.741e+00 (1e+01) 3.895e+00 (1e+01) 1.273e+00 (2e+00) 3.812e-01 (1e+00)   1.161e+00 (3e+00) 1.365e+00 (3e+00)  NA (NA)          NA (NA)             NA (NA)      NA (NA) 8.144e-01 (5e-01) 9.359e-01 (1e+00)       8.537e-01 (6e-01) 9.064e-01 (8e-01)      8.512e-01 (5e-01)
yhat_iw_est_clip_1    4.092e+00 (1e+01) 3.216e+00 (1e+01) 3.741e+00 (1e+01) 3.896e+00 (1e+01) 1.273e+00 (2e+00) 3.811e-01 (1e+00)   1.161e+00 (3e+00) 1.365e+00 (3e+00)  NA (NA)          NA (NA)             NA (NA)      NA (NA) 8.147e-01 (5e-01) 9.361e-01 (1e+00)       8.540e-01 (6e-01) 9.066e-01 (8e-01)      8.514e-01 (5e-01)
yhat_iw_est_clip_05   4.092e+00 (1e+01) 3.216e+00 (1e+01) 3.741e+00 (1e+01) 3.896e+00 (1e+01) 1.273e+00 (2e+00) 3.811e-01 (1e+00)   1.161e+00 (3e+00) 1.365e+00 (3e+00)  NA (NA)          NA (NA)             NA (NA)      NA (NA) 8.148e-01 (5e-01) 9.361e-01 (1e+00)       8.540e-01 (6e-01) 9.067e-01 (8e-01)      8.514e-01 (5e-01)
yhat_iw_est           4.092e+00 (1e+01) 3.216e+00 (1e+01) 3.741e+00 (1e+01) 3.896e+00 (1e+01) 1.273e+00 (2e+00) 3.811e-01 (1e+00)   1.161e+00 (3e+00) 1.366e+00 (3e+00)  NA (NA)          NA (NA)             NA (NA)      NA (NA) 8.148e-01 (5e-01) 9.361e-01 (1e+00)       8.541e-01 (6e-01) 9.068e-01 (8e-01)      8.515e-01 (5e-01)
yhat_dr_true          4.617e+00 (1e+01) 3.768e+00 (1e+01) 4.487e+00 (1e+01) 4.632e+00 (1e+01) 1.220e+00 (9e-01) 3.741e-01 (8e-01)   1.126e+00 (2e+00) 1.316e+00 (2e+00)  NA (NA)          NA (NA)             NA (NA)      NA (NA) 7.465e-01 (4e-01) 6.485e-01 (4e-01)       7.134e-01 (4e-01) 7.126e-01 (4e-01)      7.343e-01 (4e-01)
yhat_iw_true_clip_25  4.780e+00 (2e+01) 3.905e+00 (2e+01) 4.418e+00 (2e+01) 4.572e+00 (2e+01) 1.289e+00 (2e+00) 3.980e-01 (1e+00)   1.192e+00 (3e+00) 1.397e+00 (3e+00)  NA (NA)          NA (NA)             NA (NA)      NA (NA) 8.200e-01 (5e-01) 9.532e-01 (1e+00)       8.571e-01 (6e-01) 9.177e-01 (8e-01)      8.615e-01 (6e-01)
yhat_iw_true          4.802e+00 (2e+01) 3.927e+00 (2e+01) 4.436e+00 (2e+01) 4.590e+00 (2e+01) 1.305e+00 (2e+00) 4.144e-01 (2e+00)   1.206e+00 (3e+00) 1.410e+00 (3e+00)  NA (NA)          NA (NA)             NA (NA)      NA (NA) 8.209e-01 (5e-01) 9.538e-01 (1e+00)       8.578e-01 (6e-01) 9.188e-01 (8e-01)      8.625e-01 (6e-01)
yhat_iw_true_clip_05  4.802e+00 (2e+01) 3.927e+00 (2e+01) 4.436e+00 (2e+01) 4.590e+00 (2e+01) 1.305e+00 (2e+00) 4.144e-01 (2e+00)   1.206e+00 (3e+00) 1.410e+00 (3e+00)  NA (NA)          NA (NA)             NA (NA)      NA (NA) 8.209e-01 (5e-01) 9.538e-01 (1e+00)       8.578e-01 (6e-01) 9.188e-01 (8e-01)      8.625e-01 (6e-01)
yhat_iw_true_clip_1   4.802e+00 (2e+01) 3.927e+00 (2e+01) 4.436e+00 (2e+01) 4.590e+00 (2e+01) 1.305e+00 (2e+00) 4.144e-01 (2e+00)   1.206e+00 (3e+00) 1.410e+00 (3e+00)  NA (NA)          NA (NA)             NA (NA)      NA (NA) 8.209e-01 (5e-01) 9.538e-01 (1e+00)       8.578e-01 (6e-01) 9.188e-01 (8e-01)      8.625e-01 (6e-01)


Combined dags_s_sink 
                                      y         yhat_true      yhat_imputed             y_mix          y_interp  yhat_true_interp yhat_imputed_interp      y_mix_interp y_extrap yhat_true_extrap yhat_imputed_extrap y_mix_extrap        y_selected   y_weighted_true y_weighted_true_clipped    y_weighted_est y_weighted_est_clipped
yhat_true             7.129e-01 (3e-01) 0.000e+00 (0e+00) 1.298e+00 (2e+00) 1.404e+00 (2e+00) 7.301e-01 (3e-01) 0.000e+00 (0e+00)   8.703e-01 (1e+00) 1.010e+00 (1e+00)  NA (NA)          NA (NA)             NA (NA)      NA (NA) 7.604e-01 (5e-01) 7.525e-01 (6e-01)       7.433e-01 (4e-01) 7.445e-01 (5e-01)      7.434e-01 (5e-01)
yhat_imputed          1.444e+00 (2e+00) 1.298e+00 (2e+00) 0.000e+00 (0e+00) 9.877e-02 (8e-02) 9.296e-01 (1e+00) 8.703e-01 (1e+00)   0.000e+00 (0e+00) 1.299e-01 (1e-01)  NA (NA)          NA (NA)             NA (NA)      NA (NA) 2.585e-01 (2e-01) 2.576e-01 (2e-01)       2.627e-01 (2e-01) 2.606e-01 (2e-01)      2.632e-01 (2e-01)
yhat_repeated         1.493e+00 (1e+00) 7.763e-01 (1e+00) 5.296e-01 (7e-01) 6.355e-01 (7e-01) 1.029e+00 (7e-01) 3.093e-01 (6e-01)   5.747e-01 (8e-01) 7.140e-01 (8e-01)  NA (NA)          NA (NA)             NA (NA)      NA (NA) 9.095e-01 (9e-01) 8.184e-01 (8e-01)       8.479e-01 (7e-01) 8.170e-01 (7e-01)      8.484e-01 (7e-01)
yhat_dr_direct        1.493e+00 (1e+00) 7.763e-01 (1e+00) 5.296e-01 (7e-01) 6.355e-01 (7e-01) 1.029e+00 (7e-01) 3.093e-01 (6e-01)   5.747e-01 (8e-01) 7.140e-01 (8e-01)  NA (NA)          NA (NA)             NA (NA)      NA (NA) 9.095e-01 (9e-01) 8.184e-01 (8e-01)       8.479e-01 (7e-01) 8.170e-01 (7e-01)      8.484e-01 (7e-01)
yhat_repeated_mix     1.495e+00 (1e+00) 7.757e-01 (1e+00) 5.306e-01 (7e-01) 6.377e-01 (7e-01) 1.032e+00 (7e-01) 3.086e-01 (6e-01)   5.759e-01 (8e-01) 7.169e-01 (8e-01)  NA (NA)          NA (NA)             NA (NA)      NA (NA) 9.144e-01 (9e-01) 8.230e-01 (8e-01)       8.527e-01 (7e-01) 8.216e-01 (7e-01)      8.532e-01 (7e-01)
yhat_naive            2.692e+00 (8e+00) 1.974e+00 (8e+00) 2.353e+00 (8e+00) 2.461e+00 (8e+00) 1.036e+00 (6e-01) 3.133e-01 (4e-01)   1.061e+00 (2e+00) 1.202e+00 (1e+00)  NA (NA)          NA (NA)             NA (NA)      NA (NA) 5.674e-01 (4e-01) 7.348e-01 (7e-01)       6.412e-01 (5e-01) 7.100e-01 (6e-01)      6.388e-01 (4e-01)
yhat_iw_est_trans_25  3.123e+00 (1e+01) 2.402e+00 (1e+01) 2.721e+00 (9e+00) 2.828e+00 (9e+00) 1.006e+00 (6e-01) 2.837e-01 (4e-01)   1.002e+00 (1e+00) 1.144e+00 (1e+00)  NA (NA)          NA (NA)             NA (NA)      NA (NA) 5.736e-01 (4e-01) 7.207e-01 (7e-01)       6.360e-01 (4e-01) 6.950e-01 (6e-01)      6.329e-01 (4e-01)
yhat_iw_true_trans_25 3.158e+00 (1e+01) 2.438e+00 (1e+01) 2.748e+00 (1e+01) 2.855e+00 (1e+01) 1.006e+00 (6e-01) 2.838e-01 (3e-01)   1.004e+00 (1e+00) 1.145e+00 (1e+00)  NA (NA)          NA (NA)             NA (NA)      NA (NA) 5.738e-01 (4e-01) 7.195e-01 (7e-01)       6.356e-01 (4e-01) 6.953e-01 (6e-01)      6.333e-01 (4e-01)
yhat_iw_est_trans_1   3.851e+00 (1e+01) 3.128e+00 (1e+01) 3.505e+00 (1e+01) 3.612e+00 (1e+01) 9.953e-01 (6e-01) 2.733e-01 (3e-01)   9.774e-01 (1e+00) 1.119e+00 (1e+00)  NA (NA)          NA (NA)             NA (NA)      NA (NA) 5.829e-01 (4e-01) 7.263e-01 (7e-01)       6.409e-01 (4e-01) 6.986e-01 (5e-01)      6.377e-01 (4e-01)
yhat_dr_est_clipped   3.956e+00 (1e+01) 3.265e+00 (1e+01) 3.646e+00 (1e+01) 3.746e+00 (1e+01) 9.501e-01 (5e-01) 2.622e-01 (3e-01)   9.225e-01 (1e+00) 1.054e+00 (1e+00)  NA (NA)          NA (NA)             NA (NA)      NA (NA) 5.382e-01 (4e-01) 5.175e-01 (4e-01)       5.305e-01 (4e-01) 5.214e-01 (4e-01)      5.307e-01 (4e-01)
yhat_iw_true_trans_1  4.000e+00 (1e+01) 3.279e+00 (1e+01) 3.699e+00 (1e+01) 3.807e+00 (1e+01) 9.959e-01 (6e-01) 2.740e-01 (3e-01)   9.807e-01 (1e+00) 1.123e+00 (1e+00)  NA (NA)          NA (NA)             NA (NA)      NA (NA) 5.838e-01 (4e-01) 7.228e-01 (7e-01)       6.401e-01 (4e-01) 6.990e-01 (6e-01)      6.386e-01 (4e-01)
yhat_dr_true_clipped  4.225e+00 (1e+01) 3.535e+00 (1e+01) 3.827e+00 (1e+01) 3.927e+00 (1e+01) 9.513e-01 (5e-01) 2.642e-01 (3e-01)   9.264e-01 (1e+00) 1.058e+00 (1e+00)  NA (NA)          NA (NA)             NA (NA)      NA (NA) 5.386e-01 (4e-01) 5.114e-01 (4e-01)       5.279e-01 (4e-01) 5.229e-01 (4e-01)      5.310e-01 (4e-01)
yhat_iw_est_trans_05  4.585e+00 (2e+01) 3.862e+00 (2e+01) 4.248e+00 (2e+01) 4.356e+00 (2e+01) 1.008e+00 (7e-01) 2.861e-01 (5e-01)   1.003e+00 (2e+00) 1.145e+00 (2e+00)  NA (NA)          NA (NA)             NA (NA)      NA (NA) 5.912e-01 (4e-01) 7.635e-01 (1e+00)       6.545e-01 (5e-01) 7.170e-01 (7e-01)      6.494e-01 (5e-01)
yhat_iw_est_clipped   4.585e+00 (2e+01) 3.862e+00 (2e+01) 4.248e+00 (2e+01) 4.356e+00 (2e+01) 1.008e+00 (7e-01) 2.861e-01 (5e-01)   1.003e+00 (2e+00) 1.145e+00 (2e+00)  NA (NA)          NA (NA)             NA (NA)      NA (NA) 5.912e-01 (4e-01) 7.635e-01 (1e+00)       6.545e-01 (5e-01) 7.170e-01 (7e-01)      6.494e-01 (5e-01)
yhat_iw_true_trans_05 4.624e+00 (2e+01) 3.903e+00 (2e+01) 4.315e+00 (2e+01) 4.422e+00 (2e+01) 1.012e+00 (7e-01) 2.901e-01 (6e-01)   1.010e+00 (2e+00) 1.152e+00 (2e+00)  NA (NA)          NA (NA)             NA (NA)      NA (NA) 5.928e-01 (4e-01) 7.638e-01 (1e+00)       6.548e-01 (5e-01) 7.201e-01 (7e-01)      6.516e-01 (5e-01)
yhat_iw_true_clipped  4.624e+00 (2e+01) 3.903e+00 (2e+01) 4.315e+00 (2e+01) 4.422e+00 (2e+01) 1.012e+00 (7e-01) 2.901e-01 (6e-01)   1.010e+00 (2e+00) 1.152e+00 (2e+00)  NA (NA)          NA (NA)             NA (NA)      NA (NA) 5.928e-01 (4e-01) 7.638e-01 (1e+00)       6.548e-01 (5e-01) 7.201e-01 (7e-01)      6.516e-01 (5e-01)
yhat_dr_est           5.310e+00 (2e+01) 4.622e+00 (2e+01) 5.009e+00 (2e+01) 5.108e+00 (2e+01) 9.549e-01 (5e-01) 2.702e-01 (3e-01)   9.217e-01 (1e+00) 1.052e+00 (1e+00)  NA (NA)          NA (NA)             NA (NA)      NA (NA) 5.616e-01 (4e-01) 4.884e-01 (4e-01)       5.346e-01 (4e-01) 4.946e-01 (3e-01)      5.346e-01 (4e-01)
yhat_iw_true_clip_25  5.868e+00 (2e+01) 5.144e+00 (2e+01) 5.478e+00 (2e+01) 5.585e+00 (2e+01) 1.033e+00 (9e-01) 3.116e-01 (8e-01)   1.023e+00 (2e+00) 1.165e+00 (2e+00)  NA (NA)          NA (NA)             NA (NA)      NA (NA) 6.224e-01 (4e-01) 8.262e-01 (2e+00)       6.902e-01 (6e-01) 7.612e-01 (9e-01)      6.852e-01 (6e-01)
yhat_iw_true          5.868e+00 (2e+01) 5.144e+00 (2e+01) 5.478e+00 (2e+01) 5.585e+00 (2e+01) 1.033e+00 (9e-01) 3.117e-01 (8e-01)   1.023e+00 (2e+00) 1.165e+00 (2e+00)  NA (NA)          NA (NA)             NA (NA)      NA (NA) 6.224e-01 (4e-01) 8.262e-01 (2e+00)       6.902e-01 (6e-01) 7.613e-01 (9e-01)      6.852e-01 (6e-01)
yhat_iw_true_clip_05  5.868e+00 (2e+01) 5.144e+00 (2e+01) 5.478e+00 (2e+01) 5.585e+00 (2e+01) 1.033e+00 (9e-01) 3.117e-01 (8e-01)   1.023e+00 (2e+00) 1.165e+00 (2e+00)  NA (NA)          NA (NA)             NA (NA)      NA (NA) 6.224e-01 (4e-01) 8.262e-01 (2e+00)       6.902e-01 (6e-01) 7.613e-01 (9e-01)      6.852e-01 (6e-01)
yhat_iw_true_clip_1   5.868e+00 (2e+01) 5.144e+00 (2e+01) 5.478e+00 (2e+01) 5.585e+00 (2e+01) 1.033e+00 (9e-01) 3.117e-01 (8e-01)   1.023e+00 (2e+00) 1.165e+00 (2e+00)  NA (NA)          NA (NA)             NA (NA)      NA (NA) 6.224e-01 (4e-01) 8.262e-01 (2e+00)       6.902e-01 (6e-01) 7.613e-01 (9e-01)      6.852e-01 (6e-01)
yhat_dr_true          5.927e+00 (2e+01) 5.239e+00 (2e+01) 5.562e+00 (2e+01) 5.662e+00 (2e+01) 9.569e-01 (5e-01) 2.732e-01 (3e-01)   9.372e-01 (1e+00) 1.068e+00 (1e+00)  NA (NA)          NA (NA)             NA (NA)      NA (NA) 5.652e-01 (4e-01) 4.782e-01 (3e-01)       5.325e-01 (4e-01) 4.984e-01 (3e-01)      5.376e-01 (4e-01)
yhat_iw_est_clip_25   5.944e+00 (2e+01) 5.218e+00 (2e+01) 5.544e+00 (2e+01) 5.652e+00 (2e+01) 1.027e+00 (8e-01) 3.060e-01 (7e-01)   1.016e+00 (2e+00) 1.158e+00 (2e+00)  NA (NA)          NA (NA)             NA (NA)      NA (NA) 6.171e-01 (4e-01) 8.230e-01 (2e+00)       6.905e-01 (6e-01) 7.624e-01 (9e-01)      6.837e-01 (6e-01)
yhat_iw_est           5.944e+00 (2e+01) 5.218e+00 (2e+01) 5.544e+00 (2e+01) 5.652e+00 (2e+01) 1.027e+00 (8e-01) 3.060e-01 (7e-01)   1.016e+00 (2e+00) 1.158e+00 (2e+00)  NA (NA)          NA (NA)             NA (NA)      NA (NA) 6.172e-01 (4e-01) 8.230e-01 (2e+00)       6.905e-01 (6e-01) 7.624e-01 (9e-01)      6.837e-01 (6e-01)
yhat_iw_est_clip_05   5.944e+00 (2e+01) 5.218e+00 (2e+01) 5.544e+00 (2e+01) 5.652e+00 (2e+01) 1.027e+00 (8e-01) 3.060e-01 (7e-01)   1.016e+00 (2e+00) 1.158e+00 (2e+00)  NA (NA)          NA (NA)             NA (NA)      NA (NA) 6.172e-01 (4e-01) 8.230e-01 (2e+00)       6.905e-01 (6e-01) 7.624e-01 (9e-01)      6.837e-01 (6e-01)
yhat_iw_est_clip_1    5.944e+00 (2e+01) 5.218e+00 (2e+01) 5.544e+00 (2e+01) 5.652e+00 (2e+01) 1.027e+00 (8e-01) 3.060e-01 (7e-01)   1.016e+00 (2e+00) 1.158e+00 (2e+00)  NA (NA)          NA (NA)             NA (NA)      NA (NA) 6.172e-01 (4e-01) 8.230e-01 (2e+00)       6.905e-01 (6e-01) 7.624e-01 (9e-01)      6.837e-01 (6e-01)


Combined dags_s_not_sink 
                                      y         yhat_true      yhat_imputed             y_mix          y_interp  yhat_true_interp yhat_imputed_interp      y_mix_interp y_extrap yhat_true_extrap yhat_imputed_extrap y_mix_extrap        y_selected   y_weighted_true y_weighted_true_clipped    y_weighted_est y_weighted_est_clipped
yhat_true             8.937e-01 (3e-01) 0.000e+00 (0e+00) 2.045e+00 (4e+00) 2.170e+00 (4e+00) 9.024e-01 (3e-01) 0.000e+00 (0e+00)   1.308e+00 (3e+00) 1.500e+00 (3e+00)  NA (NA)          NA (NA)             NA (NA)      NA (NA) 9.773e-01 (5e-01) 1.090e+00 (6e-01)       1.024e+00 (5e-01) 9.727e-01 (5e-01)      9.768e-01 (5e-01)
yhat_imputed          2.277e+00 (4e+00) 2.045e+00 (4e+00) 0.000e+00 (0e+00) 1.128e-01 (8e-02) 1.388e+00 (3e+00) 1.308e+00 (3e+00)   0.000e+00 (0e+00) 1.738e-01 (1e-01)  NA (NA)          NA (NA)             NA (NA)      NA (NA) 2.825e-01 (2e-01) 2.916e-01 (2e-01)       2.864e-01 (2e-01) 2.799e-01 (2e-01)      2.818e-01 (2e-01)
yhat_repeated         2.412e+00 (4e+00) 1.578e+00 (4e+00) 5.447e-01 (6e-01) 6.678e-01 (6e-01) 1.600e+00 (2e+00) 7.156e-01 (2e+00)   6.092e-01 (6e-01) 7.987e-01 (6e-01)  NA (NA)          NA (NA)             NA (NA)      NA (NA) 1.131e+00 (9e-01) 1.272e+00 (1e+00)       1.197e+00 (9e-01) 1.108e+00 (9e-01)      1.123e+00 (9e-01)
yhat_dr_direct        2.412e+00 (4e+00) 1.578e+00 (4e+00) 5.447e-01 (6e-01) 6.678e-01 (6e-01) 1.600e+00 (2e+00) 7.156e-01 (2e+00)   6.092e-01 (6e-01) 7.987e-01 (6e-01)  NA (NA)          NA (NA)             NA (NA)      NA (NA) 1.131e+00 (9e-01) 1.272e+00 (1e+00)       1.197e+00 (9e-01) 1.108e+00 (9e-01)      1.123e+00 (9e-01)
yhat_repeated_mix     2.413e+00 (4e+00) 1.576e+00 (4e+00) 5.450e-01 (6e-01) 6.699e-01 (6e-01) 1.604e+00 (2e+00) 7.138e-01 (2e+00)   6.108e-01 (6e-01) 8.032e-01 (6e-01)  NA (NA)          NA (NA)             NA (NA)      NA (NA) 1.137e+00 (9e-01) 1.277e+00 (1e+00)       1.203e+00 (9e-01) 1.114e+00 (9e-01)      1.129e+00 (9e-01)
yhat_naive            4.119e+00 (1e+01) 3.302e+00 (1e+01) 3.949e+00 (1e+01) 4.075e+00 (1e+01) 1.661e+00 (3e+00) 7.915e-01 (3e+00)   1.757e+00 (5e+00) 1.951e+00 (5e+00)  NA (NA)          NA (NA)             NA (NA)      NA (NA) 8.314e-01 (8e-01) 9.251e-01 (1e+00)       8.629e-01 (8e-01) 8.920e-01 (9e-01)      8.583e-01 (8e-01)
yhat_iw_est_trans_25  4.127e+00 (1e+01) 3.311e+00 (1e+01) 3.947e+00 (1e+01) 4.073e+00 (1e+01) 1.659e+00 (3e+00) 7.900e-01 (3e+00)   1.745e+00 (5e+00) 1.939e+00 (5e+00)  NA (NA)          NA (NA)             NA (NA)      NA (NA) 8.320e-01 (7e-01) 9.284e-01 (1e+00)       8.641e-01 (8e-01) 8.940e-01 (9e-01)      8.586e-01 (8e-01)
yhat_iw_est_trans_1   4.152e+00 (1e+01) 3.335e+00 (1e+01) 3.963e+00 (1e+01) 4.089e+00 (1e+01) 1.659e+00 (3e+00) 7.894e-01 (3e+00)   1.738e+00 (5e+00) 1.932e+00 (5e+00)  NA (NA)          NA (NA)             NA (NA)      NA (NA) 8.340e-01 (7e-01) 9.301e-01 (1e+00)       8.661e-01 (8e-01) 8.970e-01 (9e-01)      8.605e-01 (8e-01)
yhat_iw_est_trans_05  4.170e+00 (1e+01) 3.353e+00 (1e+01) 3.974e+00 (1e+01) 4.100e+00 (1e+01) 1.660e+00 (3e+00) 7.903e-01 (3e+00)   1.734e+00 (5e+00) 1.928e+00 (5e+00)  NA (NA)          NA (NA)             NA (NA)      NA (NA) 8.362e-01 (7e-01) 9.320e-01 (1e+00)       8.683e-01 (8e-01) 9.000e-01 (9e-01)      8.627e-01 (8e-01)
yhat_iw_est_clipped   4.170e+00 (1e+01) 3.353e+00 (1e+01) 3.974e+00 (1e+01) 4.100e+00 (1e+01) 1.660e+00 (3e+00) 7.903e-01 (3e+00)   1.734e+00 (5e+00) 1.928e+00 (5e+00)  NA (NA)          NA (NA)             NA (NA)      NA (NA) 8.362e-01 (7e-01) 9.320e-01 (1e+00)       8.683e-01 (8e-01) 9.000e-01 (9e-01)      8.627e-01 (8e-01)
yhat_iw_est_clip_25   4.244e+00 (1e+01) 3.427e+00 (1e+01) 4.030e+00 (1e+01) 4.156e+00 (1e+01) 1.688e+00 (3e+00) 8.182e-01 (3e+00)   1.750e+00 (5e+00) 1.944e+00 (5e+00)  NA (NA)          NA (NA)             NA (NA)      NA (NA) 8.467e-01 (8e-01) 9.421e-01 (1e+00)       8.788e-01 (8e-01) 9.119e-01 (1e+00)      8.732e-01 (8e-01)
yhat_iw_est           4.244e+00 (1e+01) 3.427e+00 (1e+01) 4.030e+00 (1e+01) 4.156e+00 (1e+01) 1.688e+00 (3e+00) 8.183e-01 (3e+00)   1.750e+00 (5e+00) 1.944e+00 (5e+00)  NA (NA)          NA (NA)             NA (NA)      NA (NA) 8.466e-01 (8e-01) 9.421e-01 (1e+00)       8.788e-01 (8e-01) 9.118e-01 (1e+00)      8.731e-01 (8e-01)
yhat_iw_est_clip_05   4.244e+00 (1e+01) 3.427e+00 (1e+01) 4.030e+00 (1e+01) 4.156e+00 (1e+01) 1.688e+00 (3e+00) 8.183e-01 (3e+00)   1.750e+00 (5e+00) 1.944e+00 (5e+00)  NA (NA)          NA (NA)             NA (NA)      NA (NA) 8.466e-01 (8e-01) 9.421e-01 (1e+00)       8.788e-01 (8e-01) 9.118e-01 (1e+00)      8.731e-01 (8e-01)
yhat_iw_est_clip_1    4.244e+00 (1e+01) 3.427e+00 (1e+01) 4.030e+00 (1e+01) 4.156e+00 (1e+01) 1.688e+00 (3e+00) 8.183e-01 (3e+00)   1.750e+00 (5e+00) 1.944e+00 (5e+00)  NA (NA)          NA (NA)             NA (NA)      NA (NA) 8.466e-01 (8e-01) 9.421e-01 (1e+00)       8.788e-01 (8e-01) 9.118e-01 (1e+00)      8.731e-01 (8e-01)
yhat_iw_true_trans_25 4.402e+00 (1e+01) 3.584e+00 (1e+01) 4.256e+00 (1e+01) 4.382e+00 (1e+01) 1.660e+00 (3e+00) 7.909e-01 (3e+00)   1.755e+00 (5e+00) 1.949e+00 (5e+00)  NA (NA)          NA (NA)             NA (NA)      NA (NA) 8.327e-01 (8e-01) 9.252e-01 (1e+00)       8.607e-01 (8e-01) 8.933e-01 (9e-01)      8.595e-01 (8e-01)
yhat_dr_est_clipped   4.645e+00 (1e+01) 3.842e+00 (1e+01) 4.942e+00 (1e+01) 5.061e+00 (1e+01) 1.480e+00 (2e+00) 6.677e-01 (2e+00)   1.576e+00 (4e+00) 1.759e+00 (3e+00)  NA (NA)          NA (NA)             NA (NA)      NA (NA) 7.153e-01 (4e-01) 7.675e-01 (4e-01)       7.385e-01 (4e-01) 7.119e-01 (4e-01)      7.170e-01 (4e-01)
yhat_dr_est           4.690e+00 (1e+01) 3.886e+00 (1e+01) 4.980e+00 (1e+01) 5.098e+00 (1e+01) 1.484e+00 (2e+00) 6.716e-01 (2e+00)   1.575e+00 (4e+00) 1.758e+00 (3e+00)  NA (NA)          NA (NA)             NA (NA)      NA (NA) 7.209e-01 (4e-01) 7.729e-01 (4e-01)       7.440e-01 (4e-01) 7.039e-01 (4e-01)      7.181e-01 (4e-01)
yhat_iw_true_trans_1  5.004e+00 (2e+01) 4.186e+00 (2e+01) 4.822e+00 (2e+01) 4.948e+00 (2e+01) 1.664e+00 (3e+00) 7.960e-01 (3e+00)   1.760e+00 (5e+00) 1.954e+00 (5e+00)  NA (NA)          NA (NA)             NA (NA)      NA (NA) 8.352e-01 (8e-01) 9.515e-01 (1e+00)       8.647e-01 (8e-01) 8.959e-01 (9e-01)      8.621e-01 (8e-01)
yhat_dr_true_clipped  5.186e+00 (1e+01) 4.379e+00 (1e+01) 5.521e+00 (1e+01) 5.639e+00 (1e+01) 1.505e+00 (2e+00) 6.947e-01 (2e+00)   1.615e+00 (4e+00) 1.798e+00 (4e+00)  NA (NA)          NA (NA)             NA (NA)      NA (NA) 7.177e-01 (4e-01) 7.188e-01 (4e-01)       7.214e-01 (4e-01) 7.387e-01 (4e-01)      7.288e-01 (4e-01)
yhat_iw_true_trans_05 5.457e+00 (2e+01) 4.641e+00 (2e+01) 5.275e+00 (2e+01) 5.401e+00 (2e+01) 1.671e+00 (3e+00) 8.042e-01 (3e+00)   1.764e+00 (5e+00) 1.957e+00 (5e+00)  NA (NA)          NA (NA)             NA (NA)      NA (NA) 8.382e-01 (8e-01) 9.595e-01 (1e+00)       8.675e-01 (8e-01) 8.990e-01 (9e-01)      8.651e-01 (8e-01)
yhat_iw_true_clipped  5.457e+00 (2e+01) 4.641e+00 (2e+01) 5.275e+00 (2e+01) 5.401e+00 (2e+01) 1.671e+00 (3e+00) 8.042e-01 (3e+00)   1.764e+00 (5e+00) 1.957e+00 (5e+00)  NA (NA)          NA (NA)             NA (NA)      NA (NA) 8.382e-01 (8e-01) 9.595e-01 (1e+00)       8.675e-01 (8e-01) 8.990e-01 (9e-01)      8.651e-01 (8e-01)
yhat_dr_true          5.755e+00 (1e+01) 4.946e+00 (1e+01) 6.210e+00 (1e+01) 6.328e+00 (1e+01) 1.526e+00 (2e+00) 7.165e-01 (2e+00)   1.636e+00 (4e+00) 1.817e+00 (4e+00)  NA (NA)          NA (NA)             NA (NA)      NA (NA) 7.335e-01 (4e-01) 7.019e-01 (4e-01)       7.269e-01 (4e-01) 7.543e-01 (4e-01)      7.444e-01 (4e-01)
yhat_iw_true_clip_25  7.004e+00 (3e+01) 6.193e+00 (3e+01) 6.831e+00 (3e+01) 6.957e+00 (3e+01) 1.695e+00 (3e+00) 8.309e-01 (3e+00)   1.793e+00 (5e+00) 1.987e+00 (5e+00)  NA (NA)          NA (NA)             NA (NA)      NA (NA) 8.572e-01 (8e-01) 9.859e-01 (1e+00)       8.858e-01 (8e-01) 9.181e-01 (9e-01)      8.842e-01 (8e-01)
yhat_iw_true          7.086e+00 (3e+01) 6.276e+00 (3e+01) 6.898e+00 (3e+01) 7.023e+00 (3e+01) 1.771e+00 (4e+00) 9.074e-01 (4e+00)   1.855e+00 (5e+00) 2.049e+00 (5e+00)  NA (NA)          NA (NA)             NA (NA)      NA (NA) 8.609e-01 (8e-01) 9.885e-01 (1e+00)       8.889e-01 (8e-01) 9.227e-01 (9e-01)      8.887e-01 (8e-01)
yhat_iw_true_clip_05  7.086e+00 (3e+01) 6.276e+00 (3e+01) 6.898e+00 (3e+01) 7.023e+00 (3e+01) 1.771e+00 (4e+00) 9.074e-01 (4e+00)   1.855e+00 (5e+00) 2.049e+00 (5e+00)  NA (NA)          NA (NA)             NA (NA)      NA (NA) 8.609e-01 (8e-01) 9.885e-01 (1e+00)       8.889e-01 (8e-01) 9.227e-01 (9e-01)      8.887e-01 (8e-01)
yhat_iw_true_clip_1   7.086e+00 (3e+01) 6.276e+00 (3e+01) 6.898e+00 (3e+01) 7.023e+00 (3e+01) 1.771e+00 (4e+00) 9.074e-01 (4e+00)   1.855e+00 (5e+00) 2.049e+00 (5e+00)  NA (NA)          NA (NA)             NA (NA)      NA (NA) 8.609e-01 (8e-01) 9.885e-01 (1e+00)       8.889e-01 (8e-01) 9.227e-01 (9e-01)      8.887e-01 (8e-01)


Combined admgs_s_sink 
                                      y         yhat_true      yhat_imputed             y_mix          y_interp  yhat_true_interp yhat_imputed_interp      y_mix_interp y_extrap yhat_true_extrap yhat_imputed_extrap y_mix_extrap        y_selected   y_weighted_true y_weighted_true_clipped    y_weighted_est y_weighted_est_clipped
yhat_true             9.799e-01 (3e-01) 0.000e+00 (0e+00) 8.379e-01 (1e+00) 1.069e+00 (1e+00) 9.890e-01 (3e-01) 0.000e+00 (0e+00)   6.532e-01 (1e+00) 9.432e-01 (1e+00)  NA (NA)          NA (NA)             NA (NA)      NA (NA) 1.008e+00 (4e-01) 9.716e-01 (5e-01)       9.812e-01 (4e-01) 9.836e-01 (5e-01)      9.835e-01 (4e-01)
yhat_imputed          1.369e+00 (1e+00) 8.379e-01 (1e+00) 0.000e+00 (0e+00) 2.178e-01 (2e-01) 1.127e+00 (1e+00) 6.532e-01 (1e+00)   0.000e+00 (0e+00) 2.727e-01 (2e-01)  NA (NA)          NA (NA)             NA (NA)      NA (NA) 5.796e-01 (3e-01) 5.683e-01 (4e-01)       5.789e-01 (3e-01) 5.763e-01 (4e-01)      5.806e-01 (3e-01)
yhat_repeated         1.395e+00 (8e-01) 4.262e-01 (7e-01) 4.165e-01 (6e-01) 6.458e-01 (6e-01) 1.192e+00 (6e-01) 2.191e-01 (5e-01)   4.424e-01 (6e-01) 7.306e-01 (6e-01)  NA (NA)          NA (NA)             NA (NA)      NA (NA) 1.115e+00 (7e-01) 1.004e+00 (6e-01)       1.047e+00 (6e-01) 1.020e+00 (6e-01)      1.050e+00 (6e-01)
yhat_dr_direct        1.395e+00 (8e-01) 4.262e-01 (7e-01) 4.165e-01 (6e-01) 6.458e-01 (6e-01) 1.192e+00 (6e-01) 2.191e-01 (5e-01)   4.424e-01 (6e-01) 7.306e-01 (6e-01)  NA (NA)          NA (NA)             NA (NA)      NA (NA) 1.115e+00 (7e-01) 1.004e+00 (6e-01)       1.047e+00 (6e-01) 1.020e+00 (6e-01)      1.050e+00 (6e-01)
yhat_repeated_mix     1.398e+00 (8e-01) 4.246e-01 (7e-01) 4.181e-01 (6e-01) 6.496e-01 (6e-01) 1.196e+00 (6e-01) 2.178e-01 (5e-01)   4.443e-01 (6e-01) 7.352e-01 (6e-01)  NA (NA)          NA (NA)             NA (NA)      NA (NA) 1.125e+00 (7e-01) 1.013e+00 (6e-01)       1.056e+00 (6e-01) 1.029e+00 (6e-01)      1.059e+00 (6e-01)
yhat_naive            1.818e+00 (3e+00) 8.499e-01 (3e+00) 1.229e+00 (3e+00) 1.461e+00 (3e+00) 1.201e+00 (4e-01) 2.261e-01 (3e-01)   7.916e-01 (1e+00) 1.083e+00 (1e+00)  NA (NA)          NA (NA)             NA (NA)      NA (NA) 8.515e-01 (4e-01) 1.019e+00 (1e+00)       9.024e-01 (4e-01) 9.811e-01 (7e-01)      9.013e-01 (4e-01)
yhat_iw_est_trans_25  2.110e+00 (4e+00) 1.142e+00 (4e+00) 1.505e+00 (4e+00) 1.737e+00 (4e+00) 1.178e+00 (4e-01) 2.026e-01 (2e-01)   7.452e-01 (1e+00) 1.037e+00 (1e+00)  NA (NA)          NA (NA)             NA (NA)      NA (NA) 8.584e-01 (4e-01) 1.017e+00 (1e+00)       9.017e-01 (4e-01) 9.767e-01 (7e-01)      9.008e-01 (4e-01)
yhat_iw_true_trans_25 2.208e+00 (5e+00) 1.241e+00 (5e+00) 1.608e+00 (5e+00) 1.840e+00 (5e+00) 1.179e+00 (4e-01) 2.035e-01 (2e-01)   7.471e-01 (1e+00) 1.039e+00 (1e+00)  NA (NA)          NA (NA)             NA (NA)      NA (NA) 8.589e-01 (4e-01) 1.019e+00 (1e+00)       9.011e-01 (4e-01) 9.769e-01 (7e-01)      9.007e-01 (4e-01)
yhat_iw_est_trans_1   2.636e+00 (5e+00) 1.670e+00 (5e+00) 2.068e+00 (5e+00) 2.300e+00 (5e+00) 1.173e+00 (4e-01) 1.977e-01 (2e-01)   7.292e-01 (1e+00) 1.021e+00 (1e+00)  NA (NA)          NA (NA)             NA (NA)      NA (NA) 8.677e-01 (4e-01) 1.021e+00 (1e+00)       9.081e-01 (4e-01) 9.813e-01 (7e-01)      9.072e-01 (4e-01)
yhat_dr_est_clipped   2.788e+00 (6e+00) 1.842e+00 (6e+00) 2.036e+00 (6e+00) 2.256e+00 (6e+00) 1.147e+00 (4e-01) 2.097e-01 (2e-01)   6.983e-01 (1e+00) 9.742e-01 (1e+00)  NA (NA)          NA (NA)             NA (NA)      NA (NA) 8.189e-01 (4e-01) 7.517e-01 (4e-01)       7.934e-01 (4e-01) 7.718e-01 (4e-01)      7.961e-01 (4e-01)
yhat_iw_true_trans_1  2.860e+00 (6e+00) 1.895e+00 (7e+00) 2.291e+00 (7e+00) 2.523e+00 (7e+00) 1.176e+00 (4e-01) 2.002e-01 (2e-01)   7.312e-01 (1e+00) 1.023e+00 (1e+00)  NA (NA)          NA (NA)             NA (NA)      NA (NA) 8.694e-01 (4e-01) 1.035e+00 (1e+00)       9.105e-01 (4e-01) 9.862e-01 (7e-01)      9.095e-01 (4e-01)
yhat_iw_est_trans_05  3.036e+00 (6e+00) 2.070e+00 (6e+00) 2.442e+00 (7e+00) 2.675e+00 (7e+00) 1.174e+00 (4e-01) 1.986e-01 (2e-01)   7.230e-01 (1e+00) 1.015e+00 (1e+00)  NA (NA)          NA (NA)             NA (NA)      NA (NA) 8.767e-01 (4e-01) 1.031e+00 (1e+00)       9.160e-01 (4e-01) 9.882e-01 (7e-01)      9.150e-01 (4e-01)
yhat_iw_est_clipped   3.036e+00 (6e+00) 2.070e+00 (6e+00) 2.442e+00 (7e+00) 2.675e+00 (7e+00) 1.174e+00 (4e-01) 1.986e-01 (2e-01)   7.230e-01 (1e+00) 1.015e+00 (1e+00)  NA (NA)          NA (NA)             NA (NA)      NA (NA) 8.767e-01 (4e-01) 1.031e+00 (1e+00)       9.160e-01 (4e-01) 9.882e-01 (7e-01)      9.150e-01 (4e-01)
yhat_dr_true_clipped  3.039e+00 (9e+00) 2.095e+00 (9e+00) 2.305e+00 (8e+00) 2.525e+00 (8e+00) 1.152e+00 (4e-01) 2.152e-01 (2e-01)   7.028e-01 (1e+00) 9.784e-01 (1e+00)  NA (NA)          NA (NA)             NA (NA)      NA (NA) 8.200e-01 (4e-01) 7.413e-01 (4e-01)       7.884e-01 (4e-01) 7.700e-01 (4e-01)      7.951e-01 (4e-01)
yhat_iw_true_trans_05 3.297e+00 (7e+00) 2.334e+00 (7e+00) 2.720e+00 (8e+00) 2.953e+00 (8e+00) 1.177e+00 (4e-01) 2.018e-01 (2e-01)   7.255e-01 (1e+00) 1.017e+00 (1e+00)  NA (NA)          NA (NA)             NA (NA)      NA (NA) 8.789e-01 (4e-01) 1.046e+00 (1e+00)       9.189e-01 (4e-01) 9.937e-01 (7e-01)      9.178e-01 (4e-01)
yhat_iw_true_clipped  3.297e+00 (7e+00) 2.334e+00 (7e+00) 2.720e+00 (8e+00) 2.953e+00 (8e+00) 1.177e+00 (4e-01) 2.018e-01 (2e-01)   7.255e-01 (1e+00) 1.017e+00 (1e+00)  NA (NA)          NA (NA)             NA (NA)      NA (NA) 8.789e-01 (4e-01) 1.046e+00 (1e+00)       9.189e-01 (4e-01) 9.937e-01 (7e-01)      9.178e-01 (4e-01)
yhat_iw_est_clip_25   3.651e+00 (8e+00) 2.686e+00 (8e+00) 3.079e+00 (8e+00) 3.311e+00 (8e+00) 1.190e+00 (4e-01) 2.147e-01 (2e-01)   7.297e-01 (1e+00) 1.022e+00 (1e+00)  NA (NA)          NA (NA)             NA (NA)      NA (NA) 9.045e-01 (4e-01) 1.059e+00 (1e+00)       9.424e-01 (4e-01) 1.012e+00 (7e-01)      9.413e-01 (4e-01)
yhat_iw_est           3.651e+00 (8e+00) 2.686e+00 (8e+00) 3.079e+00 (8e+00) 3.311e+00 (8e+00) 1.190e+00 (4e-01) 2.147e-01 (2e-01)   7.297e-01 (1e+00) 1.022e+00 (1e+00)  NA (NA)          NA (NA)             NA (NA)      NA (NA) 9.045e-01 (4e-01) 1.060e+00 (1e+00)       9.425e-01 (4e-01) 1.012e+00 (7e-01)      9.413e-01 (4e-01)
yhat_iw_est_clip_05   3.651e+00 (8e+00) 2.686e+00 (8e+00) 3.079e+00 (8e+00) 3.311e+00 (8e+00) 1.190e+00 (4e-01) 2.147e-01 (2e-01)   7.297e-01 (1e+00) 1.022e+00 (1e+00)  NA (NA)          NA (NA)             NA (NA)      NA (NA) 9.045e-01 (4e-01) 1.060e+00 (1e+00)       9.425e-01 (4e-01) 1.012e+00 (7e-01)      9.413e-01 (4e-01)
yhat_iw_est_clip_1    3.651e+00 (8e+00) 2.686e+00 (8e+00) 3.079e+00 (8e+00) 3.311e+00 (8e+00) 1.190e+00 (4e-01) 2.147e-01 (2e-01)   7.297e-01 (1e+00) 1.022e+00 (1e+00)  NA (NA)          NA (NA)             NA (NA)      NA (NA) 9.045e-01 (4e-01) 1.060e+00 (1e+00)       9.425e-01 (4e-01) 1.012e+00 (7e-01)      9.413e-01 (4e-01)
yhat_dr_est           3.887e+00 (1e+01) 2.945e+00 (1e+01) 3.238e+00 (1e+01) 3.456e+00 (1e+01) 1.163e+00 (4e-01) 2.311e-01 (2e-01)   7.049e-01 (1e+00) 9.787e-01 (9e-01)  NA (NA)          NA (NA)             NA (NA)      NA (NA) 8.462e-01 (4e-01) 7.010e-01 (4e-01)       7.952e-01 (4e-01) 7.287e-01 (4e-01)      7.985e-01 (4e-01)
yhat_iw_true_clip_25  4.246e+00 (9e+00) 3.283e+00 (9e+00) 3.691e+00 (1e+01) 3.923e+00 (1e+01) 1.201e+00 (4e-01) 2.246e-01 (2e-01)   7.379e-01 (1e+00) 1.030e+00 (1e+00)  NA (NA)          NA (NA)             NA (NA)      NA (NA) 9.140e-01 (4e-01) 1.087e+00 (1e+00)       9.538e-01 (4e-01) 1.027e+00 (7e-01)      9.523e-01 (4e-01)
yhat_iw_true          4.247e+00 (9e+00) 3.283e+00 (9e+00) 3.691e+00 (1e+01) 3.924e+00 (1e+01) 1.201e+00 (4e-01) 2.247e-01 (2e-01)   7.381e-01 (1e+00) 1.030e+00 (1e+00)  NA (NA)          NA (NA)             NA (NA)      NA (NA) 9.140e-01 (4e-01) 1.087e+00 (1e+00)       9.539e-01 (4e-01) 1.027e+00 (7e-01)      9.524e-01 (4e-01)
yhat_iw_true_clip_05  4.247e+00 (9e+00) 3.283e+00 (9e+00) 3.691e+00 (1e+01) 3.924e+00 (1e+01) 1.201e+00 (4e-01) 2.247e-01 (2e-01)   7.381e-01 (1e+00) 1.030e+00 (1e+00)  NA (NA)          NA (NA)             NA (NA)      NA (NA) 9.140e-01 (4e-01) 1.087e+00 (1e+00)       9.539e-01 (4e-01) 1.027e+00 (7e-01)      9.524e-01 (4e-01)
yhat_iw_true_clip_1   4.247e+00 (9e+00) 3.283e+00 (9e+00) 3.691e+00 (1e+01) 3.924e+00 (1e+01) 1.201e+00 (4e-01) 2.247e-01 (2e-01)   7.381e-01 (1e+00) 1.030e+00 (1e+00)  NA (NA)          NA (NA)             NA (NA)      NA (NA) 9.140e-01 (4e-01) 1.087e+00 (1e+00)       9.539e-01 (4e-01) 1.027e+00 (7e-01)      9.524e-01 (4e-01)
yhat_dr_true          4.473e+00 (1e+01) 3.532e+00 (1e+01) 3.780e+00 (1e+01) 3.998e+00 (1e+01) 1.177e+00 (4e-01) 2.459e-01 (3e-01)   7.175e-01 (1e+00) 9.906e-01 (1e+00)  NA (NA)          NA (NA)             NA (NA)      NA (NA) 8.526e-01 (4e-01) 6.894e-01 (4e-01)       7.926e-01 (4e-01) 7.307e-01 (4e-01)      8.015e-01 (4e-01)


Combined admgs_s_not_sink 
                                      y         yhat_true      yhat_imputed             y_mix          y_interp  yhat_true_interp yhat_imputed_interp      y_mix_interp y_extrap yhat_true_extrap yhat_imputed_extrap y_mix_extrap        y_selected   y_weighted_true y_weighted_true_clipped    y_weighted_est y_weighted_est_clipped
yhat_true             9.573e-01 (3e-01) 0.000e+00 (0e+00) 1.557e+00 (2e+00) 1.699e+00 (2e+00) 9.720e-01 (3e-01) 0.000e+00 (0e+00)   1.122e+00 (1e+00) 1.304e+00 (1e+00)  NA (NA)          NA (NA)             NA (NA)      NA (NA) 9.889e-01 (4e-01) 1.034e+00 (5e-01)       1.005e+00 (4e-01) 9.767e-01 (4e-01)      9.810e-01 (4e-01)
yhat_imputed          1.753e+00 (2e+00) 1.557e+00 (2e+00) 0.000e+00 (0e+00) 1.288e-01 (9e-02) 1.178e+00 (1e+00) 1.122e+00 (1e+00)   0.000e+00 (0e+00) 1.654e-01 (1e-01)  NA (NA)          NA (NA)             NA (NA)      NA (NA) 3.242e-01 (2e-01) 3.290e-01 (2e-01)       3.261e-01 (2e-01) 3.193e-01 (2e-01)      3.229e-01 (2e-01)
yhat_repeated         1.846e+00 (2e+00) 9.026e-01 (2e+00) 6.697e-01 (7e-01) 8.105e-01 (7e-01) 1.360e+00 (1e+00) 4.028e-01 (9e-01)   7.359e-01 (7e-01) 9.168e-01 (7e-01)  NA (NA)          NA (NA)             NA (NA)      NA (NA) 1.184e+00 (8e-01) 1.235e+00 (1e+00)       1.207e+00 (9e-01) 1.133e+00 (8e-01)      1.151e+00 (8e-01)
yhat_dr_direct        1.846e+00 (2e+00) 9.026e-01 (2e+00) 6.697e-01 (7e-01) 8.105e-01 (7e-01) 1.360e+00 (1e+00) 4.028e-01 (9e-01)   7.359e-01 (7e-01) 9.168e-01 (7e-01)  NA (NA)          NA (NA)             NA (NA)      NA (NA) 1.184e+00 (8e-01) 1.235e+00 (1e+00)       1.207e+00 (9e-01) 1.133e+00 (8e-01)      1.151e+00 (8e-01)
yhat_repeated_mix     1.849e+00 (2e+00) 9.016e-01 (2e+00) 6.709e-01 (7e-01) 8.134e-01 (7e-01) 1.364e+00 (1e+00) 4.018e-01 (9e-01)   7.375e-01 (7e-01) 9.207e-01 (7e-01)  NA (NA)          NA (NA)             NA (NA)      NA (NA) 1.190e+00 (8e-01) 1.241e+00 (1e+00)       1.213e+00 (9e-01) 1.139e+00 (8e-01)      1.157e+00 (8e-01)
yhat_naive            2.260e+00 (4e+00) 1.306e+00 (4e+00) 2.057e+00 (4e+00) 2.200e+00 (4e+00) 1.242e+00 (5e-01) 2.817e-01 (3e-01)   1.271e+00 (2e+00) 1.455e+00 (2e+00)  NA (NA)          NA (NA)             NA (NA)      NA (NA) 8.223e-01 (4e-01) 8.704e-01 (4e-01)       8.453e-01 (4e-01) 9.027e-01 (5e-01)      8.615e-01 (4e-01)
yhat_dr_est_clipped   2.369e+00 (5e+00) 1.449e+00 (5e+00) 2.406e+00 (6e+00) 2.542e+00 (6e+00) 1.187e+00 (5e-01) 2.625e-01 (3e-01)   1.181e+00 (2e+00) 1.355e+00 (2e+00)  NA (NA)          NA (NA)             NA (NA)      NA (NA) 7.861e-01 (4e-01) 7.911e-01 (4e-01)       7.894e-01 (4e-01) 7.783e-01 (4e-01)      7.822e-01 (3e-01)
yhat_iw_est_trans_25  2.407e+00 (5e+00) 1.454e+00 (5e+00) 2.195e+00 (4e+00) 2.338e+00 (4e+00) 1.223e+00 (5e-01) 2.621e-01 (3e-01)   1.235e+00 (2e+00) 1.419e+00 (2e+00)  NA (NA)          NA (NA)             NA (NA)      NA (NA) 8.283e-01 (4e-01) 8.719e-01 (4e-01)       8.486e-01 (4e-01) 8.955e-01 (5e-01)      8.579e-01 (4e-01)
yhat_iw_true_trans_25 2.455e+00 (4e+00) 1.501e+00 (4e+00) 2.203e+00 (4e+00) 2.346e+00 (4e+00) 1.237e+00 (5e-01) 2.763e-01 (3e-01)   1.257e+00 (2e+00) 1.441e+00 (2e+00)  NA (NA)          NA (NA)             NA (NA)      NA (NA) 8.266e-01 (4e-01) 8.728e-01 (4e-01)       8.461e-01 (4e-01) 9.042e-01 (5e-01)      8.638e-01 (4e-01)
yhat_iw_est_trans_1   2.574e+00 (5e+00) 1.622e+00 (5e+00) 2.343e+00 (6e+00) 2.487e+00 (6e+00) 1.217e+00 (5e-01) 2.568e-01 (3e-01)   1.219e+00 (2e+00) 1.403e+00 (2e+00)  NA (NA)          NA (NA)             NA (NA)      NA (NA) 8.358e-01 (4e-01) 8.792e-01 (5e-01)       8.552e-01 (4e-01) 8.959e-01 (5e-01)      8.609e-01 (4e-01)
yhat_iw_true_trans_1  2.581e+00 (4e+00) 1.627e+00 (4e+00) 2.295e+00 (4e+00) 2.439e+00 (4e+00) 1.239e+00 (5e-01) 2.778e-01 (3e-01)   1.253e+00 (2e+00) 1.437e+00 (2e+00)  NA (NA)          NA (NA)             NA (NA)      NA (NA) 8.320e-01 (4e-01) 8.791e-01 (5e-01)       8.504e-01 (4e-01) 9.103e-01 (5e-01)      8.690e-01 (4e-01)
yhat_dr_true_clipped  2.633e+00 (6e+00) 1.714e+00 (6e+00) 2.693e+00 (7e+00) 2.828e+00 (7e+00) 1.213e+00 (5e-01) 2.920e-01 (3e-01)   1.224e+00 (2e+00) 1.398e+00 (2e+00)  NA (NA)          NA (NA)             NA (NA)      NA (NA) 7.807e-01 (3e-01) 7.332e-01 (4e-01)       7.647e-01 (3e-01) 8.128e-01 (4e-01)      7.979e-01 (4e-01)
yhat_dr_est           2.636e+00 (6e+00) 1.718e+00 (6e+00) 2.674e+00 (7e+00) 2.809e+00 (7e+00) 1.192e+00 (5e-01) 2.684e-01 (3e-01)   1.178e+00 (2e+00) 1.351e+00 (2e+00)  NA (NA)          NA (NA)             NA (NA)      NA (NA) 8.006e-01 (4e-01) 7.924e-01 (4e-01)       7.996e-01 (4e-01) 7.608e-01 (3e-01)      7.851e-01 (3e-01)
yhat_iw_true_trans_05 2.664e+00 (5e+00) 1.709e+00 (5e+00) 2.371e+00 (4e+00) 2.514e+00 (4e+00) 1.243e+00 (5e-01) 2.820e-01 (3e-01)   1.255e+00 (2e+00) 1.439e+00 (2e+00)  NA (NA)          NA (NA)             NA (NA)      NA (NA) 8.383e-01 (4e-01) 8.856e-01 (5e-01)       8.562e-01 (4e-01) 9.167e-01 (5e-01)      8.754e-01 (4e-01)
yhat_iw_true_clipped  2.664e+00 (5e+00) 1.709e+00 (5e+00) 2.371e+00 (4e+00) 2.514e+00 (4e+00) 1.243e+00 (5e-01) 2.820e-01 (3e-01)   1.255e+00 (2e+00) 1.439e+00 (2e+00)  NA (NA)          NA (NA)             NA (NA)      NA (NA) 8.383e-01 (4e-01) 8.856e-01 (5e-01)       8.562e-01 (4e-01) 9.167e-01 (5e-01)      8.754e-01 (4e-01)
yhat_iw_est_trans_05  2.703e+00 (6e+00) 1.751e+00 (6e+00) 2.468e+00 (6e+00) 2.611e+00 (6e+00) 1.218e+00 (5e-01) 2.576e-01 (3e-01)   1.213e+00 (2e+00) 1.397e+00 (2e+00)  NA (NA)          NA (NA)             NA (NA)      NA (NA) 8.423e-01 (4e-01) 8.880e-01 (5e-01)       8.621e-01 (4e-01) 9.010e-01 (4e-01)      8.662e-01 (4e-01)
yhat_iw_est_clipped   2.703e+00 (6e+00) 1.751e+00 (6e+00) 2.468e+00 (6e+00) 2.611e+00 (6e+00) 1.218e+00 (5e-01) 2.576e-01 (3e-01)   1.213e+00 (2e+00) 1.397e+00 (2e+00)  NA (NA)          NA (NA)             NA (NA)      NA (NA) 8.423e-01 (4e-01) 8.880e-01 (5e-01)       8.621e-01 (4e-01) 9.010e-01 (4e-01)      8.662e-01 (4e-01)
yhat_iw_true_clip_25  2.898e+00 (5e+00) 1.943e+00 (5e+00) 2.583e+00 (5e+00) 2.726e+00 (5e+00) 1.264e+00 (5e-01) 3.026e-01 (3e-01)   1.271e+00 (2e+00) 1.455e+00 (2e+00)  NA (NA)          NA (NA)             NA (NA)      NA (NA) 8.591e-01 (4e-01) 9.119e-01 (5e-01)       8.778e-01 (4e-01) 9.400e-01 (5e-01)      8.979e-01 (4e-01)
yhat_iw_true          2.912e+00 (5e+00) 1.957e+00 (5e+00) 2.596e+00 (5e+00) 2.739e+00 (5e+00) 1.264e+00 (5e-01) 3.026e-01 (3e-01)   1.271e+00 (2e+00) 1.455e+00 (2e+00)  NA (NA)          NA (NA)             NA (NA)      NA (NA) 8.592e-01 (4e-01) 9.120e-01 (5e-01)       8.779e-01 (4e-01) 9.400e-01 (5e-01)      8.980e-01 (4e-01)
yhat_iw_true_clip_05  2.912e+00 (5e+00) 1.957e+00 (5e+00) 2.596e+00 (5e+00) 2.739e+00 (5e+00) 1.264e+00 (5e-01) 3.026e-01 (3e-01)   1.271e+00 (2e+00) 1.455e+00 (2e+00)  NA (NA)          NA (NA)             NA (NA)      NA (NA) 8.592e-01 (4e-01) 9.120e-01 (5e-01)       8.779e-01 (4e-01) 9.400e-01 (5e-01)      8.980e-01 (4e-01)
yhat_iw_true_clip_1   2.912e+00 (5e+00) 1.957e+00 (5e+00) 2.596e+00 (5e+00) 2.739e+00 (5e+00) 1.264e+00 (5e-01) 3.026e-01 (3e-01)   1.271e+00 (2e+00) 1.455e+00 (2e+00)  NA (NA)          NA (NA)             NA (NA)      NA (NA) 8.592e-01 (4e-01) 9.120e-01 (5e-01)       8.779e-01 (4e-01) 9.400e-01 (5e-01)      8.980e-01 (4e-01)
yhat_dr_true          3.006e+00 (6e+00) 2.091e+00 (6e+00) 3.103e+00 (8e+00) 3.237e+00 (8e+00) 1.233e+00 (5e-01) 3.146e-01 (3e-01)   1.243e+00 (2e+00) 1.415e+00 (2e+00)  NA (NA)          NA (NA)             NA (NA)      NA (NA) 7.984e-01 (4e-01) 7.001e-01 (4e-01)       7.689e-01 (3e-01) 8.228e-01 (4e-01)      8.135e-01 (4e-01)
yhat_iw_est_clip_25   3.018e+00 (7e+00) 2.068e+00 (7e+00) 2.789e+00 (8e+00) 2.932e+00 (8e+00) 1.230e+00 (5e-01) 2.692e-01 (3e-01)   1.212e+00 (2e+00) 1.396e+00 (2e+00)  NA (NA)          NA (NA)             NA (NA)      NA (NA) 8.596e-01 (4e-01) 9.111e-01 (6e-01)       8.806e-01 (4e-01) 9.195e-01 (5e-01)      8.823e-01 (4e-01)
yhat_iw_est_clip_1    3.019e+00 (7e+00) 2.069e+00 (7e+00) 2.790e+00 (8e+00) 2.934e+00 (8e+00) 1.230e+00 (5e-01) 2.690e-01 (3e-01)   1.212e+00 (2e+00) 1.396e+00 (2e+00)  NA (NA)          NA (NA)             NA (NA)      NA (NA) 8.606e-01 (4e-01) 9.117e-01 (6e-01)       8.815e-01 (4e-01) 9.201e-01 (5e-01)      8.828e-01 (4e-01)
yhat_iw_est_clip_05   3.019e+00 (7e+00) 2.069e+00 (7e+00) 2.791e+00 (8e+00) 2.934e+00 (8e+00) 1.230e+00 (5e-01) 2.689e-01 (3e-01)   1.212e+00 (2e+00) 1.396e+00 (2e+00)  NA (NA)          NA (NA)             NA (NA)      NA (NA) 8.609e-01 (4e-01) 9.118e-01 (6e-01)       8.818e-01 (4e-01) 9.203e-01 (5e-01)      8.830e-01 (4e-01)
yhat_iw_est           3.019e+00 (7e+00) 2.069e+00 (7e+00) 2.791e+00 (8e+00) 2.934e+00 (8e+00) 1.230e+00 (5e-01) 2.690e-01 (3e-01)   1.212e+00 (2e+00) 1.396e+00 (2e+00)  NA (NA)          NA (NA)             NA (NA)      NA (NA) 8.611e-01 (4e-01) 9.119e-01 (6e-01)       8.819e-01 (4e-01) 9.205e-01 (5e-01)      8.832e-01 (4e-01)


Combined x_to_s 
                                      y         yhat_true      yhat_imputed             y_mix          y_interp  yhat_true_interp yhat_imputed_interp      y_mix_interp          y_extrap  yhat_true_extrap yhat_imputed_extrap      y_mix_extrap        y_selected   y_weighted_true y_weighted_true_clipped    y_weighted_est y_weighted_est_clipped
yhat_true             8.593e-01 (3e-01) 0.000e+00 (0e+00) 1.477e+00 (3e+00) 1.610e+00 (3e+00) 8.901e-01 (4e-01) 0.000e+00 (0e+00)   8.020e-01 (1e+00) 1.029e+00 (1e+00) 8.191e-01 (4e-01) 0.000e+00 (0e+00)   2.434e+00 (6e+00) 2.434e+00 (6e+00) 9.177e-01 (5e-01) 9.492e-01 (6e-01)       9.221e-01 (5e-01) 8.950e-01 (5e-01)      8.983e-01 (5e-01)
yhat_imputed          1.856e+00 (3e+00) 1.477e+00 (3e+00) 0.000e+00 (0e+00) 1.226e-01 (1e-01) 1.024e+00 (1e+00) 8.020e-01 (1e+00)   0.000e+00 (0e+00) 2.093e-01 (2e-01) 3.035e+00 (6e+00) 2.434e+00 (6e+00)   0.000e+00 (0e+00) 0.000e+00 (0e+00) 4.096e-01 (3e-01) 3.981e-01 (3e-01)       4.102e-01 (3e-01) 4.055e-01 (3e-01)      4.105e-01 (3e-01)
yhat_repeated         1.882e+00 (3e+00) 1.025e+00 (3e+00) 4.622e-01 (6e-01) 5.936e-01 (6e-01) 1.152e+00 (7e-01) 2.740e-01 (6e-01)   5.420e-01 (7e-01) 7.665e-01 (7e-01) 2.915e+00 (6e+00) 2.084e+00 (6e+00)   3.562e-01 (6e-01) 3.562e-01 (6e-01) 1.044e+00 (8e-01) 1.051e+00 (9e-01)       1.036e+00 (8e-01) 9.640e-01 (7e-01)      9.859e-01 (7e-01)
yhat_dr_direct        1.882e+00 (3e+00) 1.025e+00 (3e+00) 4.622e-01 (6e-01) 5.936e-01 (6e-01) 1.152e+00 (7e-01) 2.740e-01 (6e-01)   5.420e-01 (7e-01) 7.665e-01 (7e-01) 2.915e+00 (6e+00) 2.084e+00 (6e+00)   3.562e-01 (6e-01) 3.562e-01 (6e-01) 1.044e+00 (8e-01) 1.051e+00 (9e-01)       1.036e+00 (8e-01) 9.640e-01 (7e-01)      9.859e-01 (7e-01)
yhat_repeated_mix     1.884e+00 (3e+00) 1.024e+00 (3e+00) 4.633e-01 (6e-01) 5.962e-01 (6e-01) 1.156e+00 (7e-01) 2.725e-01 (6e-01)   5.438e-01 (7e-01) 7.709e-01 (7e-01) 2.913e+00 (6e+00) 2.083e+00 (6e+00)   3.566e-01 (6e-01) 3.566e-01 (6e-01) 1.053e+00 (8e-01) 1.058e+00 (9e-01)       1.043e+00 (8e-01) 9.712e-01 (7e-01)      9.935e-01 (7e-01)
yhat_naive            3.149e+00 (8e+00) 2.301e+00 (8e+00) 2.687e+00 (8e+00) 2.820e+00 (8e+00) 1.142e+00 (5e-01) 2.641e-01 (4e-01)   9.679e-01 (1e+00) 1.196e+00 (1e+00) 5.975e+00 (2e+01) 5.169e+00 (2e+01)   4.973e+00 (2e+01) 4.973e+00 (2e+01) 7.631e-01 (5e-01) 9.323e-01 (1e+00)       8.210e-01 (5e-01) 8.666e-01 (6e-01)      8.144e-01 (5e-01)
yhat_iw_est_trans_25  3.791e+00 (9e+00) 2.942e+00 (9e+00) 3.310e+00 (9e+00) 3.444e+00 (9e+00) 1.123e+00 (5e-01) 2.453e-01 (4e-01)   9.276e-01 (1e+00) 1.156e+00 (1e+00) 7.682e+00 (2e+01) 6.872e+00 (2e+01)   6.744e+00 (2e+01) 6.744e+00 (2e+01) 7.692e-01 (5e-01) 9.413e-01 (1e+00)       8.235e-01 (5e-01) 8.667e-01 (6e-01)      8.148e-01 (5e-01)
yhat_iw_true_trans_25 4.021e+00 (1e+01) 3.171e+00 (1e+01) 3.532e+00 (1e+01) 3.666e+00 (1e+01) 1.129e+00 (5e-01) 2.509e-01 (4e-01)   9.349e-01 (1e+00) 1.163e+00 (1e+00) 8.242e+00 (2e+01) 7.429e+00 (2e+01)   7.274e+00 (2e+01) 7.274e+00 (2e+01) 7.699e-01 (5e-01) 9.482e-01 (1e+00)       8.237e-01 (5e-01) 8.676e-01 (6e-01)      8.154e-01 (5e-01)
yhat_iw_est_trans_1   4.836e+00 (1e+01) 3.988e+00 (1e+01) 4.434e+00 (1e+01) 4.567e+00 (1e+01) 1.121e+00 (5e-01) 2.434e-01 (3e-01)   9.140e-01 (1e+00) 1.142e+00 (1e+00) 1.006e+01 (3e+01) 9.256e+00 (3e+01)   9.265e+00 (3e+01) 9.265e+00 (3e+01) 7.779e-01 (5e-01) 9.550e-01 (1e+00)       8.321e-01 (5e-01) 8.757e-01 (6e-01)      8.223e-01 (5e-01)
yhat_iw_true_trans_1  5.404e+00 (1e+01) 4.552e+00 (1e+01) 5.021e+00 (1e+01) 5.155e+00 (1e+01) 1.132e+00 (5e-01) 2.534e-01 (4e-01)   9.279e-01 (1e+00) 1.156e+00 (1e+00) 1.164e+01 (3e+01) 1.082e+01 (3e+01)   1.086e+01 (3e+01) 1.086e+01 (3e+01) 7.801e-01 (5e-01) 9.904e-01 (1e+00)       8.377e-01 (5e-01) 8.807e-01 (6e-01)      8.257e-01 (5e-01)
yhat_dr_est_clipped   5.595e+00 (1e+01) 4.764e+00 (1e+01) 5.366e+00 (1e+01) 5.491e+00 (1e+01) 1.074e+00 (5e-01) 2.386e-01 (3e-01)   8.620e-01 (1e+00) 1.075e+00 (1e+00) 1.185e+01 (3e+01) 1.102e+01 (3e+01)   1.145e+01 (3e+01) 1.145e+01 (3e+01) 7.175e-01 (4e-01) 6.380e-01 (4e-01)       6.904e-01 (4e-01) 6.676e-01 (4e-01)      6.942e-01 (4e-01)
yhat_iw_est_trans_05  5.749e+00 (2e+01) 4.901e+00 (2e+01) 5.339e+00 (1e+01) 5.472e+00 (1e+01) 1.133e+00 (6e-01) 2.562e-01 (5e-01)   9.346e-01 (1e+00) 1.163e+00 (1e+00) 1.226e+01 (4e+01) 1.146e+01 (4e+01)   1.148e+01 (3e+01) 1.148e+01 (3e+01) 7.856e-01 (5e-01) 9.916e-01 (1e+00)       8.462e-01 (5e-01) 8.935e-01 (7e-01)      8.341e-01 (5e-01)
yhat_iw_est_clipped   5.749e+00 (2e+01) 4.901e+00 (2e+01) 5.339e+00 (1e+01) 5.472e+00 (1e+01) 1.133e+00 (6e-01) 2.562e-01 (5e-01)   9.346e-01 (1e+00) 1.163e+00 (1e+00) 1.226e+01 (4e+01) 1.146e+01 (4e+01)   1.148e+01 (3e+01) 1.148e+01 (3e+01) 7.856e-01 (5e-01) 9.916e-01 (1e+00)       8.462e-01 (5e-01) 8.935e-01 (7e-01)      8.341e-01 (5e-01)
yhat_iw_true_trans_05 6.346e+00 (2e+01) 5.494e+00 (2e+01) 5.961e+00 (2e+01) 6.095e+00 (2e+01) 1.149e+00 (7e-01) 2.706e-01 (5e-01)   9.541e-01 (2e+00) 1.183e+00 (1e+00) 1.390e+01 (4e+01) 1.308e+01 (4e+01)   1.313e+01 (4e+01) 1.313e+01 (4e+01) 7.884e-01 (5e-01) 1.037e+00 (2e+00)       8.535e-01 (5e-01) 9.011e-01 (8e-01)      8.386e-01 (5e-01)
yhat_iw_true_clipped  6.346e+00 (2e+01) 5.494e+00 (2e+01) 5.961e+00 (2e+01) 6.095e+00 (2e+01) 1.149e+00 (7e-01) 2.706e-01 (5e-01)   9.541e-01 (2e+00) 1.183e+00 (1e+00) 1.390e+01 (4e+01) 1.308e+01 (4e+01)   1.313e+01 (4e+01) 1.313e+01 (4e+01) 7.884e-01 (5e-01) 1.037e+00 (2e+00)       8.535e-01 (5e-01) 9.011e-01 (8e-01)      8.386e-01 (5e-01)
yhat_dr_true_clipped  6.478e+00 (1e+01) 5.644e+00 (1e+01) 6.218e+00 (2e+01) 6.342e+00 (2e+01) 1.084e+00 (5e-01) 2.498e-01 (3e-01)   8.769e-01 (1e+00) 1.089e+00 (1e+00) 1.426e+01 (3e+01) 1.342e+01 (3e+01)   1.376e+01 (4e+01) 1.376e+01 (4e+01) 7.175e-01 (4e-01) 6.136e-01 (4e-01)       6.789e-01 (4e-01) 6.668e-01 (4e-01)      6.929e-01 (4e-01)
yhat_iw_est           7.369e+00 (2e+01) 6.521e+00 (2e+01) 6.962e+00 (2e+01) 7.095e+00 (2e+01) 1.153e+00 (7e-01) 2.769e-01 (6e-01)   9.497e-01 (2e+00) 1.178e+00 (2e+00) 1.609e+01 (5e+01) 1.528e+01 (5e+01)   1.536e+01 (4e+01) 1.536e+01 (4e+01) 8.036e-01 (5e-01) 1.049e+00 (2e+00)       8.766e-01 (6e-01) 9.308e-01 (9e-01)      8.614e-01 (6e-01)
yhat_iw_est_clip_05   7.369e+00 (2e+01) 6.521e+00 (2e+01) 6.962e+00 (2e+01) 7.095e+00 (2e+01) 1.153e+00 (7e-01) 2.769e-01 (6e-01)   9.497e-01 (2e+00) 1.178e+00 (2e+00) 1.609e+01 (5e+01) 1.528e+01 (5e+01)   1.536e+01 (4e+01) 1.536e+01 (4e+01) 8.036e-01 (5e-01) 1.049e+00 (2e+00)       8.766e-01 (6e-01) 9.308e-01 (9e-01)      8.614e-01 (6e-01)
yhat_iw_est_clip_1    7.369e+00 (2e+01) 6.521e+00 (2e+01) 6.962e+00 (2e+01) 7.095e+00 (2e+01) 1.153e+00 (7e-01) 2.769e-01 (6e-01)   9.497e-01 (2e+00) 1.178e+00 (2e+00) 1.609e+01 (5e+01) 1.528e+01 (5e+01)   1.536e+01 (4e+01) 1.536e+01 (4e+01) 8.036e-01 (5e-01) 1.049e+00 (2e+00)       8.766e-01 (6e-01) 9.308e-01 (9e-01)      8.614e-01 (6e-01)
yhat_iw_est_clip_25   7.369e+00 (2e+01) 6.521e+00 (2e+01) 6.962e+00 (2e+01) 7.095e+00 (2e+01) 1.153e+00 (7e-01) 2.769e-01 (6e-01)   9.497e-01 (2e+00) 1.178e+00 (2e+00) 1.609e+01 (5e+01) 1.528e+01 (5e+01)   1.536e+01 (4e+01) 1.536e+01 (4e+01) 8.036e-01 (5e-01) 1.049e+00 (2e+00)       8.766e-01 (6e-01) 9.308e-01 (9e-01)      8.614e-01 (6e-01)
yhat_dr_est           7.556e+00 (2e+01) 6.726e+00 (2e+01) 7.443e+00 (2e+01) 7.567e+00 (2e+01) 1.083e+00 (5e-01) 2.501e-01 (3e-01)   8.660e-01 (1e+00) 1.078e+00 (1e+00) 1.673e+01 (4e+01) 1.591e+01 (4e+01)   1.665e+01 (5e+01) 1.665e+01 (5e+01) 7.310e-01 (4e-01) 6.104e-01 (4e-01)       6.877e-01 (4e-01) 6.460e-01 (4e-01)      6.911e-01 (4e-01)
yhat_iw_true_clip_25  8.385e+00 (2e+01) 7.529e+00 (2e+01) 7.971e+00 (2e+01) 8.105e+00 (2e+01) 1.177e+00 (8e-01) 2.988e-01 (7e-01)   9.773e-01 (2e+00) 1.206e+00 (2e+00) 1.909e+01 (5e+01) 1.827e+01 (5e+01)   1.829e+01 (5e+01) 1.829e+01 (5e+01) 8.137e-01 (5e-01) 1.116e+00 (2e+00)       8.908e-01 (6e-01) 9.430e-01 (9e-01)      8.713e-01 (6e-01)
yhat_iw_true          8.398e+00 (2e+01) 7.543e+00 (2e+01) 7.984e+00 (2e+01) 8.118e+00 (2e+01) 1.177e+00 (8e-01) 2.988e-01 (7e-01)   9.774e-01 (2e+00) 1.206e+00 (2e+00) 1.914e+01 (5e+01) 1.831e+01 (5e+01)   1.834e+01 (5e+01) 1.834e+01 (5e+01) 8.137e-01 (5e-01) 1.116e+00 (2e+00)       8.908e-01 (6e-01) 9.430e-01 (9e-01)      8.713e-01 (6e-01)
yhat_iw_true_clip_05  8.398e+00 (2e+01) 7.543e+00 (2e+01) 7.984e+00 (2e+01) 8.118e+00 (2e+01) 1.177e+00 (8e-01) 2.988e-01 (7e-01)   9.774e-01 (2e+00) 1.206e+00 (2e+00) 1.914e+01 (5e+01) 1.831e+01 (5e+01)   1.834e+01 (5e+01) 1.834e+01 (5e+01) 8.137e-01 (5e-01) 1.116e+00 (2e+00)       8.908e-01 (6e-01) 9.430e-01 (9e-01)      8.713e-01 (6e-01)
yhat_iw_true_clip_1   8.398e+00 (2e+01) 7.543e+00 (2e+01) 7.984e+00 (2e+01) 8.118e+00 (2e+01) 1.177e+00 (8e-01) 2.988e-01 (7e-01)   9.774e-01 (2e+00) 1.206e+00 (2e+00) 1.914e+01 (5e+01) 1.831e+01 (5e+01)   1.834e+01 (5e+01) 1.834e+01 (5e+01) 8.137e-01 (5e-01) 1.116e+00 (2e+00)       8.908e-01 (6e-01) 9.430e-01 (9e-01)      8.713e-01 (6e-01)
yhat_dr_true          9.081e+00 (2e+01) 8.246e+00 (2e+01) 8.906e+00 (2e+01) 9.029e+00 (2e+01) 1.100e+00 (5e-01) 2.706e-01 (3e-01)   8.954e-01 (1e+00) 1.106e+00 (1e+00) 2.062e+01 (5e+01) 1.977e+01 (5e+01)   2.032e+01 (5e+01) 2.032e+01 (5e+01) 7.362e-01 (4e-01) 5.817e-01 (4e-01)       6.771e-01 (4e-01) 6.492e-01 (4e-01)      6.942e-01 (4e-01)


