n_iter: 2 
n: 1000 

Combined graphs_all 
                                      y         yhat_true      yhat_imputed             y_mix          y_interp  yhat_true_interp yhat_imputed_interp      y_mix_interp y_extrap yhat_true_extrap yhat_imputed_extrap y_mix_extrap        y_selected   y_weighted_true y_weighted_true_clipped    y_weighted_est y_weighted_est_clipped
yhat_imputed          5.522e-01 (5e-01) 5.248e-01 (5e-01) 0.000e+00 (0e+00) 1.514e-01 (1e-01) 5.353e-01 (4e-01) 5.152e-01 (5e-01)   0.000e+00 (0e+00) 1.545e-01 (1e-01)  NA (NA)          NA (NA)             NA (NA)      NA (NA) 3.690e-01 (3e-01) 3.625e-01 (2e-01)       3.625e-01 (2e-01) 3.716e-01 (2e-01)      3.711e-01 (2e-01)
yhat_true             8.681e-01 (3e-01) 0.000e+00 (0e+00) 5.248e-01 (5e-01) 6.866e-01 (5e-01) 8.726e-01 (3e-01) 0.000e+00 (0e+00)   5.152e-01 (5e-01) 6.804e-01 (5e-01)  NA (NA)          NA (NA)             NA (NA)      NA (NA) 9.016e-01 (4e-01) 9.069e-01 (3e-01)       9.069e-01 (3e-01) 8.658e-01 (3e-01)      8.719e-01 (3e-01)
yhat_repeated_mix     9.225e-01 (3e-01) 5.358e-02 (1e-01) 4.704e-01 (4e-01) 6.327e-01 (4e-01) 9.123e-01 (3e-01) 3.948e-02 (9e-02)   4.761e-01 (4e-01) 6.418e-01 (4e-01)  NA (NA)          NA (NA)             NA (NA)      NA (NA) 9.099e-01 (4e-01) 9.098e-01 (3e-01)       9.098e-01 (3e-01) 8.543e-01 (3e-01)      8.683e-01 (3e-01)
yhat_repeated         9.232e-01 (3e-01) 5.436e-02 (1e-01) 4.700e-01 (4e-01) 6.328e-01 (4e-01) 9.130e-01 (3e-01) 4.024e-02 (9e-02)   4.758e-01 (4e-01) 6.419e-01 (4e-01)  NA (NA)          NA (NA)             NA (NA)      NA (NA) 9.111e-01 (4e-01) 9.114e-01 (3e-01)       9.114e-01 (3e-01) 8.557e-01 (3e-01)      8.696e-01 (3e-01)
yhat_dr_direct        9.232e-01 (3e-01) 5.436e-02 (1e-01) 4.700e-01 (4e-01) 6.328e-01 (4e-01) 9.130e-01 (3e-01) 4.024e-02 (9e-02)   4.758e-01 (4e-01) 6.419e-01 (4e-01)  NA (NA)          NA (NA)             NA (NA)      NA (NA) 9.111e-01 (4e-01) 9.114e-01 (3e-01)       9.114e-01 (3e-01) 8.557e-01 (3e-01)      8.696e-01 (3e-01)
yhat_dr_est_clipped   9.778e-01 (4e-01) 1.118e-01 (2e-01) 5.515e-01 (5e-01) 7.127e-01 (5e-01) 9.456e-01 (3e-01) 7.591e-02 (1e-01)   5.354e-01 (5e-01) 6.999e-01 (5e-01)  NA (NA)          NA (NA)             NA (NA)      NA (NA) 8.312e-01 (3e-01) 8.432e-01 (3e-01)       8.432e-01 (3e-01) 8.182e-01 (3e-01)      8.192e-01 (3e-01)
yhat_iw_est_trans_05  9.879e-01 (4e-01) 1.217e-01 (2e-01) 5.684e-01 (5e-01) 7.291e-01 (5e-01) 9.510e-01 (3e-01) 8.148e-02 (1e-01)   5.467e-01 (5e-01) 7.107e-01 (5e-01)  NA (NA)          NA (NA)             NA (NA)      NA (NA) 8.260e-01 (3e-01) 8.361e-01 (3e-01)       8.361e-01 (3e-01) 8.122e-01 (3e-01)      8.137e-01 (3e-01)
yhat_iw_est_clipped   9.879e-01 (4e-01) 1.217e-01 (2e-01) 5.684e-01 (5e-01) 7.291e-01 (5e-01) 9.510e-01 (3e-01) 8.148e-02 (1e-01)   5.467e-01 (5e-01) 7.107e-01 (5e-01)  NA (NA)          NA (NA)             NA (NA)      NA (NA) 8.260e-01 (3e-01) 8.361e-01 (3e-01)       8.361e-01 (3e-01) 8.122e-01 (3e-01)      8.137e-01 (3e-01)
yhat_iw_est_trans_1   9.938e-01 (4e-01) 1.268e-01 (2e-01) 5.774e-01 (5e-01) 7.383e-01 (5e-01) 9.601e-01 (3e-01) 8.980e-02 (1e-01)   5.577e-01 (5e-01) 7.220e-01 (5e-01)  NA (NA)          NA (NA)             NA (NA)      NA (NA) 8.051e-01 (3e-01) 8.413e-01 (3e-01)       8.413e-01 (3e-01) 8.349e-01 (3e-01)      8.198e-01 (3e-01)
yhat_dr_est           9.970e-01 (4e-01) 1.319e-01 (2e-01) 5.669e-01 (5e-01) 7.275e-01 (5e-01) 9.561e-01 (3e-01) 8.720e-02 (2e-01)   5.444e-01 (5e-01) 7.083e-01 (5e-01)  NA (NA)          NA (NA)             NA (NA)      NA (NA) 8.821e-01 (4e-01) 8.570e-01 (3e-01)       8.570e-01 (3e-01) 7.900e-01 (3e-01)      8.279e-01 (3e-01)
yhat_iw_est_clip_25   1.001e+00 (4e-01) 1.355e-01 (2e-01) 5.795e-01 (5e-01) 7.399e-01 (5e-01) 9.566e-01 (3e-01) 8.787e-02 (2e-01)   5.500e-01 (5e-01) 7.137e-01 (5e-01)  NA (NA)          NA (NA)             NA (NA)      NA (NA) 8.618e-01 (4e-01) 8.408e-01 (3e-01)       8.408e-01 (3e-01) 7.987e-01 (3e-01)      8.192e-01 (3e-01)
yhat_iw_est_clip_1    1.007e+00 (4e-01) 1.425e-01 (2e-01) 5.835e-01 (5e-01) 7.437e-01 (5e-01) 9.602e-01 (3e-01) 9.182e-02 (2e-01)   5.516e-01 (5e-01) 7.152e-01 (5e-01)  NA (NA)          NA (NA)             NA (NA)      NA (NA) 8.766e-01 (4e-01) 8.500e-01 (3e-01)       8.500e-01 (3e-01) 7.870e-01 (3e-01)      8.231e-01 (3e-01)
yhat_iw_est_clip_05   1.008e+00 (4e-01) 1.430e-01 (2e-01) 5.833e-01 (5e-01) 7.435e-01 (5e-01) 9.610e-01 (3e-01) 9.251e-02 (2e-01)   5.520e-01 (5e-01) 7.155e-01 (5e-01)  NA (NA)          NA (NA)             NA (NA)      NA (NA) 8.801e-01 (4e-01) 8.522e-01 (3e-01)       8.522e-01 (3e-01) 7.854e-01 (3e-01)      8.241e-01 (3e-01)
yhat_iw_est           1.009e+00 (4e-01) 1.436e-01 (2e-01) 5.838e-01 (5e-01) 7.440e-01 (5e-01) 9.616e-01 (3e-01) 9.316e-02 (2e-01)   5.526e-01 (5e-01) 7.161e-01 (5e-01)  NA (NA)          NA (NA)             NA (NA)      NA (NA) 8.818e-01 (4e-01) 8.529e-01 (3e-01)       8.529e-01 (3e-01) 7.849e-01 (3e-01)      8.246e-01 (3e-01)
yhat_iw_est_trans_25  1.013e+00 (4e-01) 1.457e-01 (2e-01) 6.036e-01 (5e-01) 7.647e-01 (5e-01) 9.854e-01 (3e-01) 1.143e-01 (1e-01)   5.865e-01 (5e-01) 7.510e-01 (5e-01)  NA (NA)          NA (NA)             NA (NA)      NA (NA) 7.830e-01 (3e-01) 8.576e-01 (3e-01)       8.576e-01 (3e-01) 8.750e-01 (3e-01)      8.384e-01 (3e-01)
yhat_iw_true_trans_1  1.016e+00 (4e-01) 1.492e-01 (2e-01) 6.154e-01 (6e-01) 7.761e-01 (5e-01) 9.933e-01 (4e-01) 1.231e-01 (2e-01)   5.992e-01 (5e-01) 7.633e-01 (5e-01)  NA (NA)          NA (NA)             NA (NA)      NA (NA) 8.143e-01 (3e-01) 8.002e-01 (3e-01)       8.002e-01 (3e-01) 8.758e-01 (3e-01)      8.434e-01 (3e-01)
yhat_dr_true          1.026e+00 (4e-01) 1.605e-01 (2e-01) 6.210e-01 (6e-01) 7.815e-01 (6e-01) 9.956e-01 (4e-01) 1.264e-01 (2e-01)   5.981e-01 (5e-01) 7.621e-01 (5e-01)  NA (NA)          NA (NA)             NA (NA)      NA (NA) 8.610e-01 (4e-01) 7.900e-01 (3e-01)       7.900e-01 (3e-01) 8.674e-01 (3e-01)      8.518e-01 (3e-01)
yhat_dr_true_clipped  1.026e+00 (4e-01) 1.605e-01 (2e-01) 6.210e-01 (6e-01) 7.815e-01 (6e-01) 9.956e-01 (4e-01) 1.264e-01 (2e-01)   5.981e-01 (5e-01) 7.621e-01 (5e-01)  NA (NA)          NA (NA)             NA (NA)      NA (NA) 8.610e-01 (4e-01) 7.900e-01 (3e-01)       7.900e-01 (3e-01) 8.674e-01 (3e-01)      8.518e-01 (3e-01)
yhat_iw_true_clip_25  1.027e+00 (4e-01) 1.606e-01 (2e-01) 6.263e-01 (6e-01) 7.868e-01 (6e-01) 1.000e+00 (4e-01) 1.304e-01 (2e-01)   6.053e-01 (5e-01) 7.691e-01 (5e-01)  NA (NA)          NA (NA)             NA (NA)      NA (NA) 8.609e-01 (4e-01) 7.875e-01 (3e-01)       7.875e-01 (3e-01) 8.692e-01 (3e-01)      8.534e-01 (3e-01)
yhat_iw_true_trans_25 1.028e+00 (4e-01) 1.598e-01 (2e-01) 6.283e-01 (6e-01) 7.894e-01 (5e-01) 1.006e+00 (4e-01) 1.351e-01 (2e-01)   6.132e-01 (5e-01) 7.776e-01 (5e-01)  NA (NA)          NA (NA)             NA (NA)      NA (NA) 7.818e-01 (3e-01) 8.362e-01 (3e-01)       8.362e-01 (3e-01) 9.020e-01 (3e-01)      8.526e-01 (3e-01)
yhat_iw_true_clip_1   1.028e+00 (4e-01) 1.619e-01 (2e-01) 6.274e-01 (6e-01) 7.879e-01 (6e-01) 1.000e+00 (4e-01) 1.306e-01 (2e-01)   6.055e-01 (5e-01) 7.693e-01 (5e-01)  NA (NA)          NA (NA)             NA (NA)      NA (NA) 8.616e-01 (4e-01) 7.874e-01 (3e-01)       7.874e-01 (3e-01) 8.692e-01 (3e-01)      8.536e-01 (3e-01)
yhat_iw_true_clip_05  1.028e+00 (4e-01) 1.619e-01 (2e-01) 6.274e-01 (6e-01) 7.879e-01 (6e-01) 1.000e+00 (4e-01) 1.306e-01 (2e-01)   6.055e-01 (5e-01) 7.693e-01 (5e-01)  NA (NA)          NA (NA)             NA (NA)      NA (NA) 8.616e-01 (4e-01) 7.874e-01 (3e-01)       7.874e-01 (3e-01) 8.692e-01 (3e-01)      8.536e-01 (3e-01)
yhat_iw_true          1.028e+00 (4e-01) 1.619e-01 (2e-01) 6.274e-01 (6e-01) 7.879e-01 (6e-01) 1.000e+00 (4e-01) 1.306e-01 (2e-01)   6.055e-01 (5e-01) 7.693e-01 (5e-01)  NA (NA)          NA (NA)             NA (NA)      NA (NA) 8.616e-01 (4e-01) 7.874e-01 (3e-01)       7.874e-01 (3e-01) 8.692e-01 (3e-01)      8.536e-01 (3e-01)
yhat_iw_true_trans_05 1.028e+00 (4e-01) 1.619e-01 (2e-01) 6.274e-01 (6e-01) 7.879e-01 (6e-01) 1.000e+00 (4e-01) 1.306e-01 (2e-01)   6.055e-01 (5e-01) 7.693e-01 (5e-01)  NA (NA)          NA (NA)             NA (NA)      NA (NA) 8.616e-01 (4e-01) 7.874e-01 (3e-01)       7.874e-01 (3e-01) 8.692e-01 (3e-01)      8.536e-01 (3e-01)
yhat_iw_true_clipped  1.028e+00 (4e-01) 1.619e-01 (2e-01) 6.274e-01 (6e-01) 7.879e-01 (6e-01) 1.000e+00 (4e-01) 1.306e-01 (2e-01)   6.055e-01 (5e-01) 7.693e-01 (5e-01)  NA (NA)          NA (NA)             NA (NA)      NA (NA) 8.616e-01 (4e-01) 7.874e-01 (3e-01)       7.874e-01 (3e-01) 8.692e-01 (3e-01)      8.536e-01 (3e-01)
yhat_naive            1.069e+00 (4e-01) 2.007e-01 (2e-01) 6.723e-01 (6e-01) 8.335e-01 (6e-01) 1.048e+00 (4e-01) 1.762e-01 (2e-01)   6.565e-01 (6e-01) 8.210e-01 (5e-01)  NA (NA)          NA (NA)             NA (NA)      NA (NA) 7.704e-01 (3e-01) 9.007e-01 (4e-01)       9.007e-01 (4e-01) 9.529e-01 (4e-01)      8.877e-01 (3e-01)


Combined dags_s_sink 
                                      y         yhat_true      yhat_imputed             y_mix          y_interp  yhat_true_interp yhat_imputed_interp      y_mix_interp y_extrap yhat_true_extrap yhat_imputed_extrap y_mix_extrap        y_selected   y_weighted_true y_weighted_true_clipped    y_weighted_est y_weighted_est_clipped
yhat_imputed          3.560e-01 (2e-01) 3.849e-01 (3e-01) 0.000e+00 (0e+00) 1.095e-01 (8e-02) 3.543e-01 (2e-01) 3.846e-01 (3e-01)   0.000e+00 (0e+00) 1.110e-01 (9e-02)  NA (NA)          NA (NA)             NA (NA)      NA (NA) 2.635e-01 (2e-01) 2.692e-01 (2e-01)       2.692e-01 (2e-01) 2.721e-01 (2e-01)      2.722e-01 (2e-01)
yhat_true             6.795e-01 (3e-01) 0.000e+00 (0e+00) 3.849e-01 (3e-01) 5.022e-01 (3e-01) 6.841e-01 (3e-01) 0.000e+00 (0e+00)   3.846e-01 (3e-01) 5.035e-01 (3e-01)  NA (NA)          NA (NA)             NA (NA)      NA (NA) 7.121e-01 (4e-01) 6.749e-01 (3e-01)       6.749e-01 (3e-01) 6.704e-01 (3e-01)      6.748e-01 (3e-01)
yhat_repeated_mix     6.987e-01 (3e-01) 1.876e-02 (2e-02) 3.655e-01 (3e-01) 4.831e-01 (3e-01) 7.002e-01 (3e-01) 1.579e-02 (1e-02)   3.683e-01 (3e-01) 4.876e-01 (3e-01)  NA (NA)          NA (NA)             NA (NA)      NA (NA) 7.153e-01 (4e-01) 6.675e-01 (3e-01)       6.675e-01 (3e-01) 6.636e-01 (3e-01)      6.706e-01 (3e-01)
yhat_repeated         6.992e-01 (3e-01) 1.937e-02 (2e-02) 3.652e-01 (3e-01) 4.832e-01 (3e-01) 7.007e-01 (3e-01) 1.639e-02 (1e-02)   3.680e-01 (3e-01) 4.876e-01 (3e-01)  NA (NA)          NA (NA)             NA (NA)      NA (NA) 7.160e-01 (4e-01) 6.687e-01 (3e-01)       6.687e-01 (3e-01) 6.648e-01 (3e-01)      6.717e-01 (3e-01)
yhat_dr_direct        6.992e-01 (3e-01) 1.937e-02 (2e-02) 3.652e-01 (3e-01) 4.832e-01 (3e-01) 7.007e-01 (3e-01) 1.639e-02 (1e-02)   3.680e-01 (3e-01) 4.876e-01 (3e-01)  NA (NA)          NA (NA)             NA (NA)      NA (NA) 7.160e-01 (4e-01) 6.687e-01 (3e-01)       6.687e-01 (3e-01) 6.648e-01 (3e-01)      6.717e-01 (3e-01)
yhat_dr_est_clipped   7.155e-01 (3e-01) 3.811e-02 (5e-02) 3.928e-01 (3e-01) 5.098e-01 (3e-01) 7.133e-01 (3e-01) 3.172e-02 (4e-02)   3.924e-01 (3e-01) 5.110e-01 (3e-01)  NA (NA)          NA (NA)             NA (NA)      NA (NA) 6.614e-01 (4e-01) 6.486e-01 (3e-01)       6.486e-01 (3e-01) 6.490e-01 (3e-01)      6.451e-01 (3e-01)
yhat_dr_est           7.196e-01 (3e-01) 4.277e-02 (5e-02) 3.977e-01 (3e-01) 5.143e-01 (3e-01) 7.174e-01 (3e-01) 3.634e-02 (4e-02)   3.969e-01 (3e-01) 5.151e-01 (3e-01)  NA (NA)          NA (NA)             NA (NA)      NA (NA) 7.142e-01 (4e-01) 6.413e-01 (3e-01)       6.413e-01 (3e-01) 6.300e-01 (3e-01)      6.523e-01 (3e-01)
yhat_iw_est_clip_25   7.213e-01 (3e-01) 4.472e-02 (5e-02) 4.024e-01 (3e-01) 5.187e-01 (3e-01) 7.185e-01 (3e-01) 3.781e-02 (4e-02)   4.004e-01 (3e-01) 5.183e-01 (3e-01)  NA (NA)          NA (NA)             NA (NA)      NA (NA) 6.953e-01 (4e-01) 6.331e-01 (3e-01)       6.331e-01 (3e-01) 6.312e-01 (3e-01)      6.428e-01 (3e-01)
yhat_iw_est_trans_05  7.236e-01 (3e-01) 4.635e-02 (5e-02) 4.054e-01 (3e-01) 5.218e-01 (3e-01) 7.200e-01 (3e-01) 3.870e-02 (4e-02)   4.032e-01 (3e-01) 5.212e-01 (3e-01)  NA (NA)          NA (NA)             NA (NA)      NA (NA) 6.535e-01 (4e-01) 6.419e-01 (3e-01)       6.419e-01 (3e-01) 6.433e-01 (3e-01)      6.391e-01 (3e-01)
yhat_iw_est_clipped   7.236e-01 (3e-01) 4.635e-02 (5e-02) 4.054e-01 (3e-01) 5.218e-01 (3e-01) 7.200e-01 (3e-01) 3.870e-02 (4e-02)   4.032e-01 (3e-01) 5.212e-01 (3e-01)  NA (NA)          NA (NA)             NA (NA)      NA (NA) 6.535e-01 (4e-01) 6.419e-01 (3e-01)       6.419e-01 (3e-01) 6.433e-01 (3e-01)      6.391e-01 (3e-01)
yhat_iw_est_clip_1    7.237e-01 (3e-01) 4.706e-02 (5e-02) 4.049e-01 (3e-01) 5.211e-01 (3e-01) 7.207e-01 (3e-01) 4.000e-02 (4e-02)   4.024e-01 (3e-01) 5.203e-01 (3e-01)  NA (NA)          NA (NA)             NA (NA)      NA (NA) 7.121e-01 (4e-01) 6.364e-01 (3e-01)       6.364e-01 (3e-01) 6.261e-01 (3e-01)      6.477e-01 (3e-01)
yhat_iw_est_clip_05   7.250e-01 (3e-01) 4.842e-02 (5e-02) 4.061e-01 (3e-01) 5.223e-01 (3e-01) 7.218e-01 (3e-01) 4.113e-02 (4e-02)   4.034e-01 (3e-01) 5.212e-01 (3e-01)  NA (NA)          NA (NA)             NA (NA)      NA (NA) 7.145e-01 (4e-01) 6.372e-01 (3e-01)       6.372e-01 (3e-01) 6.255e-01 (3e-01)      6.486e-01 (3e-01)
yhat_iw_est           7.264e-01 (3e-01) 4.973e-02 (5e-02) 4.075e-01 (3e-01) 5.237e-01 (3e-01) 7.232e-01 (3e-01) 4.243e-02 (4e-02)   4.047e-01 (3e-01) 5.226e-01 (3e-01)  NA (NA)          NA (NA)             NA (NA)      NA (NA) 7.171e-01 (4e-01) 6.381e-01 (3e-01)       6.381e-01 (3e-01) 6.249e-01 (3e-01)      6.497e-01 (3e-01)
yhat_dr_true          7.273e-01 (3e-01) 5.115e-02 (6e-02) 4.039e-01 (3e-01) 5.205e-01 (3e-01) 7.252e-01 (3e-01) 4.471e-02 (5e-02)   4.031e-01 (3e-01) 5.214e-01 (3e-01)  NA (NA)          NA (NA)             NA (NA)      NA (NA) 7.121e-01 (4e-01) 6.265e-01 (3e-01)       6.265e-01 (3e-01) 6.427e-01 (3e-01)      6.518e-01 (3e-01)
yhat_dr_true_clipped  7.273e-01 (3e-01) 5.115e-02 (6e-02) 4.039e-01 (3e-01) 5.205e-01 (3e-01) 7.252e-01 (3e-01) 4.471e-02 (5e-02)   4.031e-01 (3e-01) 5.214e-01 (3e-01)  NA (NA)          NA (NA)             NA (NA)      NA (NA) 7.121e-01 (4e-01) 6.265e-01 (3e-01)       6.265e-01 (3e-01) 6.427e-01 (3e-01)      6.518e-01 (3e-01)
yhat_iw_true_trans_1  7.332e-01 (3e-01) 5.592e-02 (6e-02) 4.137e-01 (3e-01) 5.301e-01 (3e-01) 7.294e-01 (3e-01) 4.815e-02 (5e-02)   4.113e-01 (3e-01) 5.294e-01 (3e-01)  NA (NA)          NA (NA)             NA (NA)      NA (NA) 6.463e-01 (4e-01) 6.381e-01 (3e-01)       6.381e-01 (3e-01) 6.557e-01 (3e-01)      6.422e-01 (3e-01)
yhat_iw_true_clip_25  7.337e-01 (3e-01) 5.709e-02 (6e-02) 4.125e-01 (3e-01) 5.288e-01 (3e-01) 7.303e-01 (3e-01) 4.955e-02 (5e-02)   4.104e-01 (3e-01) 5.283e-01 (3e-01)  NA (NA)          NA (NA)             NA (NA)      NA (NA) 7.106e-01 (4e-01) 6.231e-01 (3e-01)       6.231e-01 (3e-01) 6.406e-01 (3e-01)      6.500e-01 (3e-01)
yhat_iw_true_clip_1   7.339e-01 (3e-01) 5.730e-02 (6e-02) 4.126e-01 (3e-01) 5.290e-01 (3e-01) 7.305e-01 (3e-01) 4.980e-02 (5e-02)   4.106e-01 (3e-01) 5.285e-01 (3e-01)  NA (NA)          NA (NA)             NA (NA)      NA (NA) 7.115e-01 (4e-01) 6.230e-01 (3e-01)       6.230e-01 (3e-01) 6.407e-01 (3e-01)      6.503e-01 (3e-01)
yhat_iw_true_clip_05  7.339e-01 (3e-01) 5.730e-02 (6e-02) 4.126e-01 (3e-01) 5.290e-01 (3e-01) 7.305e-01 (3e-01) 4.980e-02 (5e-02)   4.106e-01 (3e-01) 5.285e-01 (3e-01)  NA (NA)          NA (NA)             NA (NA)      NA (NA) 7.115e-01 (4e-01) 6.230e-01 (3e-01)       6.230e-01 (3e-01) 6.407e-01 (3e-01)      6.503e-01 (3e-01)
yhat_iw_true          7.339e-01 (3e-01) 5.730e-02 (6e-02) 4.126e-01 (3e-01) 5.290e-01 (3e-01) 7.305e-01 (3e-01) 4.980e-02 (5e-02)   4.106e-01 (3e-01) 5.285e-01 (3e-01)  NA (NA)          NA (NA)             NA (NA)      NA (NA) 7.115e-01 (4e-01) 6.230e-01 (3e-01)       6.230e-01 (3e-01) 6.407e-01 (3e-01)      6.503e-01 (3e-01)
yhat_iw_true_trans_05 7.339e-01 (3e-01) 5.730e-02 (6e-02) 4.126e-01 (3e-01) 5.290e-01 (3e-01) 7.305e-01 (3e-01) 4.980e-02 (5e-02)   4.106e-01 (3e-01) 5.285e-01 (3e-01)  NA (NA)          NA (NA)             NA (NA)      NA (NA) 7.115e-01 (4e-01) 6.230e-01 (3e-01)       6.230e-01 (3e-01) 6.407e-01 (3e-01)      6.503e-01 (3e-01)
yhat_iw_true_clipped  7.339e-01 (3e-01) 5.730e-02 (6e-02) 4.126e-01 (3e-01) 5.290e-01 (3e-01) 7.305e-01 (3e-01) 4.980e-02 (5e-02)   4.106e-01 (3e-01) 5.285e-01 (3e-01)  NA (NA)          NA (NA)             NA (NA)      NA (NA) 7.115e-01 (4e-01) 6.230e-01 (3e-01)       6.230e-01 (3e-01) 6.407e-01 (3e-01)      6.503e-01 (3e-01)
yhat_iw_est_trans_1   7.343e-01 (3e-01) 5.637e-02 (5e-02) 4.168e-01 (3e-01) 5.333e-01 (3e-01) 7.306e-01 (3e-01) 4.871e-02 (5e-02)   4.146e-01 (3e-01) 5.327e-01 (3e-01)  NA (NA)          NA (NA)             NA (NA)      NA (NA) 6.255e-01 (4e-01) 6.570e-01 (3e-01)       6.570e-01 (3e-01) 6.642e-01 (3e-01)      6.449e-01 (3e-01)
yhat_iw_true_trans_25 7.605e-01 (3e-01) 8.212e-02 (7e-02) 4.433e-01 (3e-01) 5.599e-01 (3e-01) 7.561e-01 (3e-01) 7.386e-02 (7e-02)   4.407e-01 (3e-01) 5.589e-01 (3e-01)  NA (NA)          NA (NA)             NA (NA)      NA (NA) 6.011e-01 (4e-01) 6.819e-01 (3e-01)       6.819e-01 (3e-01) 6.987e-01 (3e-01)      6.617e-01 (3e-01)
yhat_iw_est_trans_25  7.616e-01 (3e-01) 8.280e-02 (7e-02) 4.455e-01 (3e-01) 5.621e-01 (3e-01) 7.579e-01 (3e-01) 7.524e-02 (7e-02)   4.436e-01 (3e-01) 5.618e-01 (3e-01)  NA (NA)          NA (NA)             NA (NA)      NA (NA) 5.984e-01 (4e-01) 6.920e-01 (3e-01)       6.920e-01 (3e-01) 7.043e-01 (3e-01)      6.658e-01 (3e-01)
yhat_naive            8.229e-01 (3e-01) 1.431e-01 (1e-01) 5.097e-01 (4e-01) 6.263e-01 (4e-01) 8.208e-01 (3e-01) 1.370e-01 (1e-01)   5.094e-01 (4e-01) 6.276e-01 (4e-01)  NA (NA)          NA (NA)             NA (NA)      NA (NA) 5.850e-01 (4e-01) 7.667e-01 (4e-01)       7.667e-01 (4e-01) 7.822e-01 (4e-01)      7.203e-01 (3e-01)


Combined dags_s_not_sink 
                                      y         yhat_true      yhat_imputed             y_mix          y_interp  yhat_true_interp yhat_imputed_interp      y_mix_interp y_extrap yhat_true_extrap yhat_imputed_extrap y_mix_extrap        y_selected   y_weighted_true y_weighted_true_clipped    y_weighted_est y_weighted_est_clipped
yhat_imputed          6.938e-01 (8e-01) 7.662e-01 (8e-01) 0.000e+00 (0e+00) 1.189e-01 (9e-02) 6.468e-01 (8e-01) 7.319e-01 (8e-01)   0.000e+00 (0e+00) 1.231e-01 (9e-02)  NA (NA)          NA (NA)             NA (NA)      NA (NA) 2.939e-01 (2e-01) 2.769e-01 (1e-01)       2.769e-01 (1e-01) 3.041e-01 (2e-01)      2.983e-01 (2e-01)
yhat_true             8.704e-01 (2e-01) 0.000e+00 (0e+00) 7.662e-01 (8e-01) 8.964e-01 (8e-01) 8.774e-01 (2e-01) 0.000e+00 (0e+00)   7.319e-01 (8e-01) 8.668e-01 (8e-01)  NA (NA)          NA (NA)             NA (NA)      NA (NA) 9.724e-01 (3e-01) 1.009e+00 (4e-01)       1.009e+00 (4e-01) 8.919e-01 (3e-01)      9.171e-01 (3e-01)
yhat_repeated_mix     9.969e-01 (3e-01) 1.260e-01 (2e-01) 6.395e-01 (7e-01) 7.695e-01 (7e-01) 9.625e-01 (3e-01) 8.554e-02 (2e-01)   6.505e-01 (7e-01) 7.852e-01 (7e-01)  NA (NA)          NA (NA)             NA (NA)      NA (NA) 1.002e+00 (4e-01) 1.018e+00 (4e-01)       1.018e+00 (4e-01) 9.016e-01 (3e-01)      9.297e-01 (3e-01)
yhat_repeated         9.971e-01 (3e-01) 1.263e-01 (2e-01) 6.391e-01 (7e-01) 7.695e-01 (7e-01) 9.627e-01 (3e-01) 8.576e-02 (2e-01)   6.501e-01 (7e-01) 7.852e-01 (7e-01)  NA (NA)          NA (NA)             NA (NA)      NA (NA) 1.002e+00 (4e-01) 1.020e+00 (4e-01)       1.020e+00 (4e-01) 9.021e-01 (3e-01)      9.301e-01 (3e-01)
yhat_dr_direct        9.971e-01 (3e-01) 1.263e-01 (2e-01) 6.391e-01 (7e-01) 7.695e-01 (7e-01) 9.627e-01 (3e-01) 8.576e-02 (2e-01)   6.501e-01 (7e-01) 7.852e-01 (7e-01)  NA (NA)          NA (NA)             NA (NA)      NA (NA) 1.002e+00 (4e-01) 1.020e+00 (4e-01)       1.020e+00 (4e-01) 9.021e-01 (3e-01)      9.301e-01 (3e-01)
yhat_dr_est_clipped   1.151e+00 (4e-01) 2.834e-01 (3e-01) 8.288e-01 (8e-01) 9.582e-01 (8e-01) 1.054e+00 (4e-01) 1.817e-01 (2e-01)   8.054e-01 (8e-01) 9.394e-01 (8e-01)  NA (NA)          NA (NA)             NA (NA)      NA (NA) 8.463e-01 (3e-01) 8.684e-01 (3e-01)       8.684e-01 (3e-01) 8.132e-01 (3e-01)      8.172e-01 (3e-01)
yhat_iw_est_trans_05  1.157e+00 (4e-01) 2.890e-01 (3e-01) 8.559e-01 (9e-01) 9.852e-01 (8e-01) 1.056e+00 (3e-01) 1.838e-01 (2e-01)   8.189e-01 (8e-01) 9.529e-01 (8e-01)  NA (NA)          NA (NA)             NA (NA)      NA (NA) 8.405e-01 (3e-01) 8.605e-01 (3e-01)       8.605e-01 (3e-01) 8.076e-01 (3e-01)      8.120e-01 (3e-01)
yhat_iw_est_clipped   1.157e+00 (4e-01) 2.890e-01 (3e-01) 8.559e-01 (9e-01) 9.852e-01 (8e-01) 1.056e+00 (3e-01) 1.838e-01 (2e-01)   8.189e-01 (8e-01) 9.529e-01 (8e-01)  NA (NA)          NA (NA)             NA (NA)      NA (NA) 8.405e-01 (3e-01) 8.605e-01 (3e-01)       8.605e-01 (3e-01) 8.076e-01 (3e-01)      8.120e-01 (3e-01)
yhat_iw_est_trans_1   1.158e+00 (4e-01) 2.900e-01 (3e-01) 8.637e-01 (9e-01) 9.931e-01 (9e-01) 1.068e+00 (3e-01) 1.956e-01 (2e-01)   8.338e-01 (8e-01) 9.679e-01 (8e-01)  NA (NA)          NA (NA)             NA (NA)      NA (NA) 8.240e-01 (3e-01) 8.515e-01 (3e-01)       8.515e-01 (3e-01) 8.283e-01 (3e-01)      8.158e-01 (3e-01)
yhat_iw_est_trans_25  1.169e+00 (4e-01) 3.000e-01 (3e-01) 8.915e-01 (9e-01) 1.021e+00 (9e-01) 1.099e+00 (4e-01) 2.252e-01 (2e-01)   8.692e-01 (8e-01) 1.003e+00 (8e-01)  NA (NA)          NA (NA)             NA (NA)      NA (NA) 8.041e-01 (3e-01) 8.457e-01 (4e-01)       8.457e-01 (4e-01) 8.672e-01 (3e-01)      8.327e-01 (3e-01)
yhat_dr_est           1.181e+00 (5e-01) 3.144e-01 (4e-01) 8.557e-01 (8e-01) 9.850e-01 (8e-01) 1.068e+00 (4e-01) 1.960e-01 (3e-01)   8.208e-01 (8e-01) 9.547e-01 (8e-01)  NA (NA)          NA (NA)             NA (NA)      NA (NA) 8.954e-01 (3e-01) 9.144e-01 (3e-01)       9.144e-01 (3e-01) 7.813e-01 (3e-01)      8.329e-01 (3e-01)
yhat_iw_est_clip_25   1.197e+00 (5e-01) 3.310e-01 (4e-01) 8.945e-01 (9e-01) 1.023e+00 (9e-01) 1.071e+00 (4e-01) 1.999e-01 (3e-01)   8.295e-01 (8e-01) 9.631e-01 (8e-01)  NA (NA)          NA (NA)             NA (NA)      NA (NA) 8.813e-01 (3e-01) 8.929e-01 (3e-01)       8.929e-01 (3e-01) 7.788e-01 (3e-01)      8.236e-01 (3e-01)
yhat_iw_true_trans_25 1.208e+00 (4e-01) 3.378e-01 (3e-01) 9.617e-01 (9e-01) 1.091e+00 (9e-01) 1.157e+00 (4e-01) 2.821e-01 (2e-01)   9.380e-01 (9e-01) 1.072e+00 (8e-01)  NA (NA)          NA (NA)             NA (NA)      NA (NA) 7.980e-01 (3e-01) 8.093e-01 (3e-01)       8.093e-01 (3e-01) 9.326e-01 (3e-01)      8.728e-01 (3e-01)
yhat_iw_est_clip_1    1.210e+00 (5e-01) 3.439e-01 (4e-01) 9.023e-01 (9e-01) 1.031e+00 (9e-01) 1.077e+00 (4e-01) 2.065e-01 (3e-01)   8.337e-01 (8e-01) 9.672e-01 (8e-01)  NA (NA)          NA (NA)             NA (NA)      NA (NA) 8.887e-01 (3e-01) 9.012e-01 (3e-01)       9.012e-01 (3e-01) 7.733e-01 (3e-01)      8.258e-01 (3e-01)
yhat_iw_est_clip_05   1.210e+00 (5e-01) 3.442e-01 (4e-01) 9.028e-01 (9e-01) 1.032e+00 (9e-01) 1.077e+00 (4e-01) 2.068e-01 (3e-01)   8.343e-01 (8e-01) 9.678e-01 (8e-01)  NA (NA)          NA (NA)             NA (NA)      NA (NA) 8.899e-01 (3e-01) 9.023e-01 (3e-01)       9.023e-01 (3e-01) 7.730e-01 (3e-01)      8.263e-01 (3e-01)
yhat_iw_est           1.211e+00 (5e-01) 3.447e-01 (4e-01) 9.032e-01 (9e-01) 1.032e+00 (9e-01) 1.078e+00 (4e-01) 2.073e-01 (3e-01)   8.347e-01 (8e-01) 9.682e-01 (8e-01)  NA (NA)          NA (NA)             NA (NA)      NA (NA) 8.909e-01 (3e-01) 9.034e-01 (3e-01)       9.034e-01 (3e-01) 7.730e-01 (3e-01)      8.267e-01 (3e-01)
yhat_iw_true_trans_1  1.214e+00 (4e-01) 3.443e-01 (3e-01) 9.653e-01 (9e-01) 1.095e+00 (9e-01) 1.157e+00 (4e-01) 2.820e-01 (3e-01)   9.354e-01 (9e-01) 1.069e+00 (8e-01)  NA (NA)          NA (NA)             NA (NA)      NA (NA) 8.230e-01 (3e-01) 7.825e-01 (3e-01)       7.825e-01 (3e-01) 9.305e-01 (3e-01)      8.794e-01 (3e-01)
yhat_naive            1.225e+00 (4e-01) 3.549e-01 (3e-01) 9.829e-01 (9e-01) 1.112e+00 (9e-01) 1.177e+00 (4e-01) 3.021e-01 (3e-01)   9.600e-01 (9e-01) 1.094e+00 (8e-01)  NA (NA)          NA (NA)             NA (NA)      NA (NA) 7.893e-01 (3e-01) 8.569e-01 (4e-01)       8.569e-01 (4e-01) 9.537e-01 (4e-01)      8.837e-01 (3e-01)
yhat_iw_true_clip_25  1.232e+00 (4e-01) 3.617e-01 (3e-01) 9.811e-01 (9e-01) 1.110e+00 (9e-01) 1.166e+00 (4e-01) 2.914e-01 (3e-01)   9.438e-01 (9e-01) 1.078e+00 (8e-01)  NA (NA)          NA (NA)             NA (NA)      NA (NA) 8.569e-01 (4e-01) 7.751e-01 (3e-01)       7.751e-01 (3e-01) 9.399e-01 (3e-01)      8.975e-01 (3e-01)
yhat_iw_true_clip_1   1.232e+00 (4e-01) 3.618e-01 (3e-01) 9.812e-01 (9e-01) 1.110e+00 (9e-01) 1.166e+00 (4e-01) 2.915e-01 (3e-01)   9.438e-01 (9e-01) 1.078e+00 (8e-01)  NA (NA)          NA (NA)             NA (NA)      NA (NA) 8.570e-01 (4e-01) 7.751e-01 (3e-01)       7.751e-01 (3e-01) 9.399e-01 (3e-01)      8.976e-01 (3e-01)
yhat_iw_true_clip_05  1.232e+00 (4e-01) 3.618e-01 (3e-01) 9.812e-01 (9e-01) 1.110e+00 (9e-01) 1.166e+00 (4e-01) 2.915e-01 (3e-01)   9.438e-01 (9e-01) 1.078e+00 (8e-01)  NA (NA)          NA (NA)             NA (NA)      NA (NA) 8.570e-01 (4e-01) 7.751e-01 (3e-01)       7.751e-01 (3e-01) 9.399e-01 (3e-01)      8.976e-01 (3e-01)
yhat_iw_true          1.232e+00 (4e-01) 3.618e-01 (3e-01) 9.812e-01 (9e-01) 1.110e+00 (9e-01) 1.166e+00 (4e-01) 2.915e-01 (3e-01)   9.438e-01 (9e-01) 1.078e+00 (8e-01)  NA (NA)          NA (NA)             NA (NA)      NA (NA) 8.570e-01 (4e-01) 7.751e-01 (3e-01)       7.751e-01 (3e-01) 9.399e-01 (3e-01)      8.976e-01 (3e-01)
yhat_iw_true_trans_05 1.232e+00 (4e-01) 3.618e-01 (3e-01) 9.812e-01 (9e-01) 1.110e+00 (9e-01) 1.166e+00 (4e-01) 2.915e-01 (3e-01)   9.438e-01 (9e-01) 1.078e+00 (8e-01)  NA (NA)          NA (NA)             NA (NA)      NA (NA) 8.570e-01 (4e-01) 7.751e-01 (3e-01)       7.751e-01 (3e-01) 9.399e-01 (3e-01)      8.976e-01 (3e-01)
yhat_iw_true_clipped  1.232e+00 (4e-01) 3.618e-01 (3e-01) 9.812e-01 (9e-01) 1.110e+00 (9e-01) 1.166e+00 (4e-01) 2.915e-01 (3e-01)   9.438e-01 (9e-01) 1.078e+00 (8e-01)  NA (NA)          NA (NA)             NA (NA)      NA (NA) 8.570e-01 (4e-01) 7.751e-01 (3e-01)       7.751e-01 (3e-01) 9.399e-01 (3e-01)      8.976e-01 (3e-01)
yhat_dr_true          1.241e+00 (4e-01) 3.724e-01 (3e-01) 9.767e-01 (9e-01) 1.106e+00 (9e-01) 1.164e+00 (4e-01) 2.898e-01 (3e-01)   9.371e-01 (9e-01) 1.071e+00 (8e-01)  NA (NA)          NA (NA)             NA (NA)      NA (NA) 8.589e-01 (4e-01) 7.778e-01 (3e-01)       7.778e-01 (3e-01) 9.292e-01 (3e-01)      8.930e-01 (3e-01)
yhat_dr_true_clipped  1.241e+00 (4e-01) 3.724e-01 (3e-01) 9.767e-01 (9e-01) 1.106e+00 (9e-01) 1.164e+00 (4e-01) 2.898e-01 (3e-01)   9.371e-01 (9e-01) 1.071e+00 (8e-01)  NA (NA)          NA (NA)             NA (NA)      NA (NA) 8.589e-01 (4e-01) 7.778e-01 (3e-01)       7.778e-01 (3e-01) 9.292e-01 (3e-01)      8.930e-01 (3e-01)


Combined admgs_s_sink 
                                      y         yhat_true      yhat_imputed             y_mix          y_interp  yhat_true_interp yhat_imputed_interp      y_mix_interp y_extrap yhat_true_extrap yhat_imputed_extrap y_mix_extrap        y_selected   y_weighted_true y_weighted_true_clipped    y_weighted_est y_weighted_est_clipped
yhat_imputed          7.055e-01 (3e-01) 3.644e-01 (3e-01) 0.000e+00 (0e+00) 2.403e-01 (2e-01) 7.013e-01 (3e-01) 3.598e-01 (3e-01)   0.000e+00 (0e+00) 2.430e-01 (2e-01)  NA (NA)          NA (NA)             NA (NA)      NA (NA) 5.883e-01 (3e-01) 5.801e-01 (3e-01)       5.801e-01 (3e-01) 5.791e-01 (3e-01)      5.851e-01 (3e-01)
yhat_true             9.561e-01 (3e-01) 0.000e+00 (0e+00) 3.644e-01 (3e-01) 6.153e-01 (2e-01) 9.610e-01 (3e-01) 0.000e+00 (0e+00)   3.598e-01 (3e-01) 6.136e-01 (2e-01)  NA (NA)          NA (NA)             NA (NA)      NA (NA) 9.735e-01 (3e-01) 9.691e-01 (3e-01)       9.691e-01 (3e-01) 9.687e-01 (3e-01)      9.645e-01 (3e-01)
yhat_repeated_mix     9.951e-01 (2e-01) 3.711e-02 (5e-02) 3.263e-01 (3e-01) 5.786e-01 (2e-01) 9.937e-01 (3e-01) 3.114e-02 (3e-02)   3.277e-01 (3e-01) 5.829e-01 (2e-01)  NA (NA)          NA (NA)             NA (NA)      NA (NA) 9.677e-01 (4e-01) 9.542e-01 (3e-01)       9.542e-01 (3e-01) 9.489e-01 (3e-01)      9.509e-01 (3e-01)
yhat_repeated         9.967e-01 (2e-01) 3.863e-02 (5e-02) 3.258e-01 (3e-01) 5.790e-01 (2e-01) 9.953e-01 (2e-01) 3.260e-02 (3e-02)   3.272e-01 (3e-01) 5.833e-01 (2e-01)  NA (NA)          NA (NA)             NA (NA)      NA (NA) 9.700e-01 (4e-01) 9.569e-01 (3e-01)       9.569e-01 (3e-01) 9.514e-01 (3e-01)      9.534e-01 (3e-01)
yhat_dr_direct        9.967e-01 (2e-01) 3.863e-02 (5e-02) 3.258e-01 (3e-01) 5.790e-01 (2e-01) 9.953e-01 (2e-01) 3.260e-02 (3e-02)   3.272e-01 (3e-01) 5.833e-01 (2e-01)  NA (NA)          NA (NA)             NA (NA)      NA (NA) 9.700e-01 (4e-01) 9.569e-01 (3e-01)       9.569e-01 (3e-01) 9.514e-01 (3e-01)      9.534e-01 (3e-01)
yhat_dr_est_clipped   1.019e+00 (3e-01) 6.442e-02 (7e-02) 3.641e-01 (3e-01) 6.139e-01 (3e-01) 1.011e+00 (3e-01) 5.171e-02 (4e-02)   3.583e-01 (3e-01) 6.110e-01 (3e-01)  NA (NA)          NA (NA)             NA (NA)      NA (NA) 9.172e-01 (3e-01) 9.262e-01 (3e-01)       9.262e-01 (3e-01) 9.249e-01 (3e-01)      9.182e-01 (3e-01)
yhat_iw_true_trans_1  1.027e+00 (3e-01) 7.226e-02 (7e-02) 3.786e-01 (3e-01) 6.278e-01 (3e-01) 1.018e+00 (3e-01) 5.830e-02 (5e-02)   3.709e-01 (3e-01) 6.230e-01 (3e-01)  NA (NA)          NA (NA)             NA (NA)      NA (NA) 9.137e-01 (3e-01) 9.160e-01 (3e-01)       9.160e-01 (3e-01) 9.291e-01 (3e-01)      9.164e-01 (3e-01)
yhat_iw_est_trans_05  1.028e+00 (3e-01) 7.293e-02 (7e-02) 3.766e-01 (3e-01) 6.256e-01 (3e-01) 1.018e+00 (3e-01) 5.839e-02 (5e-02)   3.683e-01 (3e-01) 6.202e-01 (3e-01)  NA (NA)          NA (NA)             NA (NA)      NA (NA) 9.136e-01 (3e-01) 9.185e-01 (3e-01)       9.185e-01 (3e-01) 9.156e-01 (3e-01)      9.112e-01 (3e-01)
yhat_iw_est_clipped   1.028e+00 (3e-01) 7.293e-02 (7e-02) 3.766e-01 (3e-01) 6.256e-01 (3e-01) 1.018e+00 (3e-01) 5.839e-02 (5e-02)   3.683e-01 (3e-01) 6.202e-01 (3e-01)  NA (NA)          NA (NA)             NA (NA)      NA (NA) 9.136e-01 (3e-01) 9.185e-01 (3e-01)       9.185e-01 (3e-01) 9.156e-01 (3e-01)      9.112e-01 (3e-01)
yhat_iw_est_trans_1   1.031e+00 (3e-01) 7.528e-02 (7e-02) 3.810e-01 (3e-01) 6.308e-01 (3e-01) 1.023e+00 (3e-01) 6.227e-02 (5e-02)   3.741e-01 (3e-01) 6.267e-01 (3e-01)  NA (NA)          NA (NA)             NA (NA)      NA (NA) 8.903e-01 (3e-01) 9.398e-01 (3e-01)       9.398e-01 (3e-01) 9.423e-01 (3e-01)      9.208e-01 (3e-01)
yhat_dr_true          1.038e+00 (3e-01) 8.441e-02 (9e-02) 3.848e-01 (3e-01) 6.333e-01 (3e-01) 1.024e+00 (3e-01) 6.533e-02 (5e-02)   3.735e-01 (3e-01) 6.249e-01 (3e-01)  NA (NA)          NA (NA)             NA (NA)      NA (NA) 9.762e-01 (4e-01) 8.984e-01 (3e-01)       8.984e-01 (3e-01) 9.108e-01 (3e-01)      9.234e-01 (3e-01)
yhat_dr_true_clipped  1.038e+00 (3e-01) 8.441e-02 (9e-02) 3.848e-01 (3e-01) 6.333e-01 (3e-01) 1.024e+00 (3e-01) 6.533e-02 (5e-02)   3.735e-01 (3e-01) 6.249e-01 (3e-01)  NA (NA)          NA (NA)             NA (NA)      NA (NA) 9.762e-01 (4e-01) 8.984e-01 (3e-01)       8.984e-01 (3e-01) 9.108e-01 (3e-01)      9.234e-01 (3e-01)
yhat_iw_est_clip_25   1.041e+00 (3e-01) 8.684e-02 (1e-01) 3.874e-01 (3e-01) 6.356e-01 (3e-01) 1.026e+00 (3e-01) 6.749e-02 (6e-02)   3.755e-01 (3e-01) 6.266e-01 (3e-01)  NA (NA)          NA (NA)             NA (NA)      NA (NA) 9.568e-01 (4e-01) 9.055e-01 (3e-01)       9.055e-01 (3e-01) 8.983e-01 (3e-01)      9.134e-01 (3e-01)
yhat_iw_true_clip_25  1.042e+00 (3e-01) 8.772e-02 (8e-02) 3.908e-01 (3e-01) 6.392e-01 (3e-01) 1.028e+00 (3e-01) 6.954e-02 (5e-02)   3.795e-01 (3e-01) 6.307e-01 (3e-01)  NA (NA)          NA (NA)             NA (NA)      NA (NA) 9.773e-01 (4e-01) 8.958e-01 (3e-01)       8.958e-01 (3e-01) 9.094e-01 (3e-01)      9.221e-01 (3e-01)
yhat_iw_true_clip_1   1.042e+00 (3e-01) 8.818e-02 (8e-02) 3.911e-01 (3e-01) 6.395e-01 (3e-01) 1.029e+00 (3e-01) 6.995e-02 (5e-02)   3.798e-01 (3e-01) 6.310e-01 (3e-01)  NA (NA)          NA (NA)             NA (NA)      NA (NA) 9.782e-01 (4e-01) 8.956e-01 (3e-01)       8.956e-01 (3e-01) 9.091e-01 (3e-01)      9.223e-01 (3e-01)
yhat_iw_true_clip_05  1.042e+00 (3e-01) 8.818e-02 (8e-02) 3.911e-01 (3e-01) 6.395e-01 (3e-01) 1.029e+00 (3e-01) 6.995e-02 (5e-02)   3.798e-01 (3e-01) 6.310e-01 (3e-01)  NA (NA)          NA (NA)             NA (NA)      NA (NA) 9.782e-01 (4e-01) 8.956e-01 (3e-01)       8.956e-01 (3e-01) 9.091e-01 (3e-01)      9.223e-01 (3e-01)
yhat_iw_true          1.042e+00 (3e-01) 8.818e-02 (8e-02) 3.911e-01 (3e-01) 6.395e-01 (3e-01) 1.029e+00 (3e-01) 6.995e-02 (5e-02)   3.798e-01 (3e-01) 6.310e-01 (3e-01)  NA (NA)          NA (NA)             NA (NA)      NA (NA) 9.782e-01 (4e-01) 8.956e-01 (3e-01)       8.956e-01 (3e-01) 9.091e-01 (3e-01)      9.223e-01 (3e-01)
yhat_iw_true_trans_05 1.042e+00 (3e-01) 8.818e-02 (8e-02) 3.911e-01 (3e-01) 6.395e-01 (3e-01) 1.029e+00 (3e-01) 6.995e-02 (5e-02)   3.798e-01 (3e-01) 6.310e-01 (3e-01)  NA (NA)          NA (NA)             NA (NA)      NA (NA) 9.782e-01 (4e-01) 8.956e-01 (3e-01)       8.956e-01 (3e-01) 9.091e-01 (3e-01)      9.223e-01 (3e-01)
yhat_iw_true_clipped  1.042e+00 (3e-01) 8.818e-02 (8e-02) 3.911e-01 (3e-01) 6.395e-01 (3e-01) 1.029e+00 (3e-01) 6.995e-02 (5e-02)   3.798e-01 (3e-01) 6.310e-01 (3e-01)  NA (NA)          NA (NA)             NA (NA)      NA (NA) 9.782e-01 (4e-01) 8.956e-01 (3e-01)       8.956e-01 (3e-01) 9.091e-01 (3e-01)      9.223e-01 (3e-01)
yhat_iw_true_trans_25 1.043e+00 (3e-01) 8.636e-02 (8e-02) 3.963e-01 (3e-01) 6.463e-01 (3e-01) 1.036e+00 (3e-01) 7.509e-02 (7e-02)   3.906e-01 (3e-01) 6.435e-01 (3e-01)  NA (NA)          NA (NA)             NA (NA)      NA (NA) 8.714e-01 (3e-01) 9.670e-01 (3e-01)       9.670e-01 (3e-01) 9.754e-01 (3e-01)      9.370e-01 (3e-01)
yhat_dr_est           1.046e+00 (3e-01) 9.172e-02 (1e-01) 3.891e-01 (3e-01) 6.374e-01 (3e-01) 1.030e+00 (3e-01) 7.121e-02 (6e-02)   3.765e-01 (3e-01) 6.276e-01 (3e-01)  NA (NA)          NA (NA)             NA (NA)      NA (NA) 9.781e-01 (4e-01) 9.125e-01 (3e-01)       9.125e-01 (3e-01) 8.933e-01 (3e-01)      9.230e-01 (3e-01)
yhat_iw_est_trans_25  1.048e+00 (3e-01) 9.165e-02 (8e-02) 4.010e-01 (3e-01) 6.510e-01 (3e-01) 1.041e+00 (3e-01) 8.040e-02 (7e-02)   3.953e-01 (3e-01) 6.482e-01 (3e-01)  NA (NA)          NA (NA)             NA (NA)      NA (NA) 8.671e-01 (3e-01) 9.780e-01 (3e-01)       9.780e-01 (3e-01) 9.822e-01 (3e-01)      9.413e-01 (3e-01)
yhat_iw_est_clip_1    1.049e+00 (3e-01) 9.518e-02 (1e-01) 3.938e-01 (3e-01) 6.418e-01 (3e-01) 1.033e+00 (3e-01) 7.498e-02 (6e-02)   3.810e-01 (3e-01) 6.318e-01 (3e-01)  NA (NA)          NA (NA)             NA (NA)      NA (NA) 9.735e-01 (4e-01) 9.078e-01 (3e-01)       9.078e-01 (3e-01) 8.913e-01 (3e-01)      9.183e-01 (3e-01)
yhat_iw_est_clip_05   1.051e+00 (3e-01) 9.673e-02 (1e-01) 3.955e-01 (3e-01) 6.434e-01 (3e-01) 1.035e+00 (3e-01) 7.643e-02 (6e-02)   3.825e-01 (3e-01) 6.333e-01 (3e-01)  NA (NA)          NA (NA)             NA (NA)      NA (NA) 9.771e-01 (4e-01) 9.087e-01 (3e-01)       9.087e-01 (3e-01) 8.898e-01 (3e-01)      9.196e-01 (3e-01)
yhat_iw_est           1.052e+00 (3e-01) 9.754e-02 (1e-01) 3.961e-01 (3e-01) 6.440e-01 (3e-01) 1.036e+00 (3e-01) 7.731e-02 (6e-02)   3.832e-01 (3e-01) 6.340e-01 (3e-01)  NA (NA)          NA (NA)             NA (NA)      NA (NA) 9.793e-01 (4e-01) 9.090e-01 (3e-01)       9.090e-01 (3e-01) 8.886e-01 (3e-01)      9.203e-01 (3e-01)
yhat_naive            1.092e+00 (3e-01) 1.348e-01 (1e-01) 4.502e-01 (4e-01) 7.005e-01 (3e-01) 1.086e+00 (3e-01) 1.250e-01 (1e-01)   4.447e-01 (4e-01) 6.978e-01 (3e-01)  NA (NA)          NA (NA)             NA (NA)      NA (NA) 8.570e-01 (3e-01) 1.047e+00 (4e-01)       1.047e+00 (4e-01) 1.047e+00 (4e-01)      9.853e-01 (3e-01)


Combined admgs_s_not_sink 
                                      y         yhat_true      yhat_imputed             y_mix          y_interp  yhat_true_interp yhat_imputed_interp      y_mix_interp y_extrap yhat_true_extrap yhat_imputed_extrap y_mix_extrap        y_selected   y_weighted_true y_weighted_true_clipped    y_weighted_est y_weighted_est_clipped
yhat_imputed          4.693e-01 (2e-01) 5.896e-01 (3e-01) 0.000e+00 (0e+00) 1.311e-01 (7e-02) 4.518e-01 (2e-01) 5.865e-01 (3e-01)   0.000e+00 (0e+00) 1.349e-01 (7e-02)  NA (NA)          NA (NA)             NA (NA)      NA (NA) 3.167e-01 (2e-01) 3.103e-01 (2e-01)       3.103e-01 (2e-01) 3.195e-01 (2e-01)      3.170e-01 (2e-01)
yhat_true             9.297e-01 (3e-01) 0.000e+00 (0e+00) 5.896e-01 (3e-01) 7.321e-01 (3e-01) 9.319e-01 (3e-01) 0.000e+00 (0e+00)   5.865e-01 (3e-01) 7.332e-01 (3e-01)  NA (NA)          NA (NA)             NA (NA)      NA (NA) 9.296e-01 (3e-01) 9.515e-01 (3e-01)       9.515e-01 (3e-01) 9.036e-01 (3e-01)      9.060e-01 (3e-01)
yhat_repeated_mix     9.721e-01 (3e-01) 4.194e-02 (5e-02) 5.469e-01 (3e-01) 6.896e-01 (3e-01) 9.630e-01 (3e-01) 3.146e-02 (4e-02)   5.547e-01 (3e-01) 7.017e-01 (3e-01)  NA (NA)          NA (NA)             NA (NA)      NA (NA) 9.386e-01 (3e-01) 9.721e-01 (3e-01)       9.721e-01 (3e-01) 8.807e-01 (3e-01)      9.001e-01 (3e-01)
yhat_repeated         9.726e-01 (3e-01) 4.260e-02 (5e-02) 5.466e-01 (3e-01) 6.896e-01 (3e-01) 9.635e-01 (3e-01) 3.213e-02 (4e-02)   5.544e-01 (3e-01) 7.017e-01 (3e-01)  NA (NA)          NA (NA)             NA (NA)      NA (NA) 9.396e-01 (3e-01) 9.735e-01 (3e-01)       9.735e-01 (3e-01) 8.822e-01 (3e-01)      9.011e-01 (3e-01)
yhat_dr_direct        9.726e-01 (3e-01) 4.260e-02 (5e-02) 5.466e-01 (3e-01) 6.896e-01 (3e-01) 9.635e-01 (3e-01) 3.213e-02 (4e-02)   5.544e-01 (3e-01) 7.017e-01 (3e-01)  NA (NA)          NA (NA)             NA (NA)      NA (NA) 9.396e-01 (3e-01) 9.735e-01 (3e-01)       9.735e-01 (3e-01) 8.822e-01 (3e-01)      9.011e-01 (3e-01)
yhat_dr_est_clipped   1.012e+00 (3e-01) 8.491e-02 (1e-01) 6.270e-01 (3e-01) 7.693e-01 (3e-01) 9.833e-01 (3e-01) 5.427e-02 (5e-02)   5.964e-01 (3e-01) 7.428e-01 (3e-01)  NA (NA)          NA (NA)             NA (NA)      NA (NA) 8.722e-01 (3e-01) 8.973e-01 (3e-01)       8.973e-01 (3e-01) 8.556e-01 (3e-01)      8.644e-01 (3e-01)
yhat_iw_est_trans_05  1.028e+00 (3e-01) 1.001e-01 (1e-01) 6.438e-01 (3e-01) 7.855e-01 (3e-01) 9.895e-01 (3e-01) 6.028e-02 (6e-02)   6.075e-01 (3e-01) 7.534e-01 (3e-01)  NA (NA)          NA (NA)             NA (NA)      NA (NA) 8.679e-01 (3e-01) 8.910e-01 (3e-01)       8.910e-01 (3e-01) 8.518e-01 (3e-01)      8.603e-01 (3e-01)
yhat_iw_est_clipped   1.028e+00 (3e-01) 1.001e-01 (1e-01) 6.438e-01 (3e-01) 7.855e-01 (3e-01) 9.895e-01 (3e-01) 6.028e-02 (6e-02)   6.075e-01 (3e-01) 7.534e-01 (3e-01)  NA (NA)          NA (NA)             NA (NA)      NA (NA) 8.679e-01 (3e-01) 8.910e-01 (3e-01)       8.910e-01 (3e-01) 8.518e-01 (3e-01)      8.603e-01 (3e-01)
yhat_dr_est           1.029e+00 (3e-01) 1.026e-01 (1e-01) 6.342e-01 (3e-01) 7.761e-01 (3e-01) 9.893e-01 (3e-01) 6.152e-02 (6e-02)   5.966e-01 (3e-01) 7.427e-01 (3e-01)  NA (NA)          NA (NA)             NA (NA)      NA (NA) 9.146e-01 (3e-01) 9.267e-01 (3e-01)       9.267e-01 (3e-01) 8.260e-01 (3e-01)      8.724e-01 (3e-01)
yhat_iw_est_clip_25   1.033e+00 (3e-01) 1.053e-01 (1e-01) 6.461e-01 (3e-01) 7.878e-01 (3e-01) 9.916e-01 (3e-01) 6.295e-02 (5e-02)   6.070e-01 (3e-01) 7.529e-01 (3e-01)  NA (NA)          NA (NA)             NA (NA)      NA (NA) 8.900e-01 (3e-01) 9.008e-01 (3e-01)       9.008e-01 (3e-01) 8.511e-01 (3e-01)      8.656e-01 (3e-01)
yhat_iw_est_clip_05   1.036e+00 (3e-01) 1.095e-01 (1e-01) 6.433e-01 (3e-01) 7.847e-01 (3e-01) 9.913e-01 (3e-01) 6.346e-02 (6e-02)   6.023e-01 (3e-01) 7.479e-01 (3e-01)  NA (NA)          NA (NA)             NA (NA)      NA (NA) 9.128e-01 (3e-01) 9.256e-01 (3e-01)       9.256e-01 (3e-01) 8.232e-01 (3e-01)      8.703e-01 (3e-01)
yhat_iw_est_trans_1   1.036e+00 (3e-01) 1.068e-01 (1e-01) 6.556e-01 (4e-01) 7.974e-01 (4e-01) 9.986e-01 (3e-01) 6.864e-02 (7e-02)   6.200e-01 (3e-01) 7.660e-01 (3e-01)  NA (NA)          NA (NA)             NA (NA)      NA (NA) 8.509e-01 (3e-01) 8.856e-01 (3e-01)       8.856e-01 (3e-01) 8.740e-01 (3e-01)      8.653e-01 (3e-01)
yhat_iw_est           1.036e+00 (3e-01) 1.096e-01 (1e-01) 6.434e-01 (3e-01) 7.849e-01 (3e-01) 9.913e-01 (3e-01) 6.357e-02 (6e-02)   6.024e-01 (3e-01) 7.480e-01 (3e-01)  NA (NA)          NA (NA)             NA (NA)      NA (NA) 9.138e-01 (3e-01) 9.261e-01 (3e-01)       9.261e-01 (3e-01) 8.229e-01 (3e-01)      8.704e-01 (3e-01)
yhat_iw_est_clip_1    1.037e+00 (3e-01) 1.104e-01 (1e-01) 6.466e-01 (3e-01) 7.881e-01 (3e-01) 9.912e-01 (3e-01) 6.346e-02 (6e-02)   6.034e-01 (3e-01) 7.491e-01 (3e-01)  NA (NA)          NA (NA)             NA (NA)      NA (NA) 9.067e-01 (3e-01) 9.207e-01 (3e-01)       9.207e-01 (3e-01) 8.266e-01 (3e-01)      8.689e-01 (3e-01)
yhat_iw_est_trans_25  1.058e+00 (3e-01) 1.283e-01 (2e-01) 6.839e-01 (4e-01) 8.259e-01 (4e-01) 1.024e+00 (3e-01) 9.341e-02 (1e-01)   6.504e-01 (3e-01) 7.965e-01 (3e-01)  NA (NA)          NA (NA)             NA (NA)      NA (NA) 8.319e-01 (3e-01) 8.858e-01 (3e-01)       8.858e-01 (3e-01) 9.149e-01 (3e-01)      8.818e-01 (3e-01)
yhat_iw_true_trans_1  1.073e+00 (3e-01) 1.442e-01 (2e-01) 7.123e-01 (4e-01) 8.540e-01 (4e-01) 1.050e+00 (3e-01) 1.201e-01 (2e-01)   6.888e-01 (4e-01) 8.346e-01 (4e-01)  NA (NA)          NA (NA)             NA (NA)      NA (NA) 8.474e-01 (3e-01) 8.339e-01 (3e-01)       8.339e-01 (3e-01) 9.522e-01 (3e-01)      9.032e-01 (3e-01)
yhat_dr_true          1.082e+00 (3e-01) 1.549e-01 (2e-01) 7.243e-01 (4e-01) 8.659e-01 (4e-01) 1.050e+00 (3e-01) 1.222e-01 (1e-01)   6.877e-01 (4e-01) 8.335e-01 (4e-01)  NA (NA)          NA (NA)             NA (NA)      NA (NA) 8.748e-01 (3e-01) 8.269e-01 (3e-01)       8.269e-01 (3e-01) 9.503e-01 (3e-01)      9.083e-01 (3e-01)
yhat_dr_true_clipped  1.082e+00 (3e-01) 1.549e-01 (2e-01) 7.243e-01 (4e-01) 8.659e-01 (4e-01) 1.050e+00 (3e-01) 1.222e-01 (1e-01)   6.877e-01 (4e-01) 8.335e-01 (4e-01)  NA (NA)          NA (NA)             NA (NA)      NA (NA) 8.748e-01 (3e-01) 8.269e-01 (3e-01)       8.269e-01 (3e-01) 9.503e-01 (3e-01)      9.083e-01 (3e-01)
yhat_iw_true_trans_25 1.082e+00 (3e-01) 1.526e-01 (2e-01) 7.208e-01 (4e-01) 8.628e-01 (4e-01) 1.057e+00 (3e-01) 1.266e-01 (1e-01)   6.948e-01 (4e-01) 8.409e-01 (4e-01)  NA (NA)          NA (NA)             NA (NA)      NA (NA) 8.268e-01 (3e-01) 8.583e-01 (3e-01)       8.583e-01 (3e-01) 9.664e-01 (3e-01)      9.065e-01 (3e-01)
yhat_iw_true_clip_25  1.084e+00 (3e-01) 1.556e-01 (2e-01) 7.275e-01 (4e-01) 8.691e-01 (4e-01) 1.056e+00 (3e-01) 1.268e-01 (2e-01)   6.961e-01 (4e-01) 8.418e-01 (4e-01)  NA (NA)          NA (NA)             NA (NA)      NA (NA) 8.762e-01 (3e-01) 8.252e-01 (3e-01)       8.252e-01 (3e-01) 9.516e-01 (3e-01)      9.125e-01 (3e-01)
yhat_iw_true_clip_1   1.087e+00 (3e-01) 1.589e-01 (2e-01) 7.307e-01 (4e-01) 8.722e-01 (4e-01) 1.056e+00 (3e-01) 1.271e-01 (2e-01)   6.965e-01 (4e-01) 8.422e-01 (4e-01)  NA (NA)          NA (NA)             NA (NA)      NA (NA) 8.767e-01 (3e-01) 8.251e-01 (3e-01)       8.251e-01 (3e-01) 9.516e-01 (3e-01)      9.128e-01 (3e-01)
yhat_iw_true_clip_05  1.087e+00 (3e-01) 1.589e-01 (2e-01) 7.307e-01 (4e-01) 8.722e-01 (4e-01) 1.056e+00 (3e-01) 1.271e-01 (2e-01)   6.965e-01 (4e-01) 8.422e-01 (4e-01)  NA (NA)          NA (NA)             NA (NA)      NA (NA) 8.767e-01 (3e-01) 8.251e-01 (3e-01)       8.251e-01 (3e-01) 9.516e-01 (3e-01)      9.128e-01 (3e-01)
yhat_iw_true          1.087e+00 (3e-01) 1.589e-01 (2e-01) 7.307e-01 (4e-01) 8.722e-01 (4e-01) 1.056e+00 (3e-01) 1.271e-01 (2e-01)   6.965e-01 (4e-01) 8.422e-01 (4e-01)  NA (NA)          NA (NA)             NA (NA)      NA (NA) 8.767e-01 (3e-01) 8.251e-01 (3e-01)       8.251e-01 (3e-01) 9.516e-01 (3e-01)      9.128e-01 (3e-01)
yhat_iw_true_trans_05 1.087e+00 (3e-01) 1.589e-01 (2e-01) 7.307e-01 (4e-01) 8.722e-01 (4e-01) 1.056e+00 (3e-01) 1.271e-01 (2e-01)   6.965e-01 (4e-01) 8.422e-01 (4e-01)  NA (NA)          NA (NA)             NA (NA)      NA (NA) 8.767e-01 (3e-01) 8.251e-01 (3e-01)       8.251e-01 (3e-01) 9.516e-01 (3e-01)      9.128e-01 (3e-01)
yhat_iw_true_clipped  1.087e+00 (3e-01) 1.589e-01 (2e-01) 7.307e-01 (4e-01) 8.722e-01 (4e-01) 1.056e+00 (3e-01) 1.271e-01 (2e-01)   6.965e-01 (4e-01) 8.422e-01 (4e-01)  NA (NA)          NA (NA)             NA (NA)      NA (NA) 8.767e-01 (3e-01) 8.251e-01 (3e-01)       8.251e-01 (3e-01) 9.516e-01 (3e-01)      9.128e-01 (3e-01)
yhat_naive            1.120e+00 (4e-01) 1.894e-01 (2e-01) 7.562e-01 (4e-01) 8.984e-01 (4e-01) 1.090e+00 (3e-01) 1.591e-01 (2e-01)   7.257e-01 (4e-01) 8.721e-01 (4e-01)  NA (NA)          NA (NA)             NA (NA)      NA (NA) 8.192e-01 (3e-01) 9.069e-01 (3e-01)       9.069e-01 (3e-01) 9.975e-01 (3e-01)      9.306e-01 (3e-01)


Combined x_to_s 
                                      y         yhat_true      yhat_imputed             y_mix          y_interp  yhat_true_interp yhat_imputed_interp      y_mix_interp y_extrap yhat_true_extrap yhat_imputed_extrap y_mix_extrap        y_selected   y_weighted_true y_weighted_true_clipped    y_weighted_est y_weighted_est_clipped
yhat_imputed          5.415e-01 (3e-01) 4.074e-01 (3e-01) 0.000e+00 (0e+00) 1.295e-01 (9e-02) 5.334e-01 (3e-01) 4.009e-01 (3e-01)   0.000e+00 (0e+00) 1.321e-01 (1e-01)  NA (NA)          NA (NA)             NA (NA)      NA (NA) 3.877e-01 (3e-01) 3.879e-01 (3e-01)       3.879e-01 (3e-01) 3.941e-01 (3e-01)      3.933e-01 (3e-01)
yhat_true             8.362e-01 (3e-01) 0.000e+00 (0e+00) 4.074e-01 (3e-01) 5.463e-01 (3e-01) 8.417e-01 (3e-01) 0.000e+00 (0e+00)   4.009e-01 (3e-01) 5.426e-01 (3e-01)  NA (NA)          NA (NA)             NA (NA)      NA (NA) 8.700e-01 (4e-01) 8.686e-01 (4e-01)       8.686e-01 (4e-01) 8.247e-01 (3e-01)      8.338e-01 (3e-01)
yhat_repeated_mix     8.794e-01 (3e-01) 4.239e-02 (6e-02) 3.643e-01 (3e-01) 5.034e-01 (3e-01) 8.759e-01 (3e-01) 3.367e-02 (4e-02)   3.669e-01 (3e-01) 5.088e-01 (3e-01)  NA (NA)          NA (NA)             NA (NA)      NA (NA) 8.595e-01 (4e-01) 8.484e-01 (4e-01)       8.484e-01 (4e-01) 7.971e-01 (3e-01)      8.144e-01 (3e-01)
yhat_repeated         8.799e-01 (3e-01) 4.286e-02 (6e-02) 3.641e-01 (3e-01) 5.036e-01 (3e-01) 8.763e-01 (3e-01) 3.411e-02 (4e-02)   3.667e-01 (3e-01) 5.090e-01 (3e-01)  NA (NA)          NA (NA)             NA (NA)      NA (NA) 8.607e-01 (4e-01) 8.506e-01 (4e-01)       8.506e-01 (4e-01) 7.988e-01 (3e-01)      8.160e-01 (3e-01)
yhat_dr_direct        8.799e-01 (3e-01) 4.286e-02 (6e-02) 3.641e-01 (3e-01) 5.036e-01 (3e-01) 8.763e-01 (3e-01) 3.411e-02 (4e-02)   3.667e-01 (3e-01) 5.090e-01 (3e-01)  NA (NA)          NA (NA)             NA (NA)      NA (NA) 8.607e-01 (4e-01) 8.506e-01 (4e-01)       8.506e-01 (4e-01) 7.988e-01 (3e-01)      8.160e-01 (3e-01)
yhat_dr_est_clipped   9.237e-01 (4e-01) 9.004e-02 (1e-01) 4.179e-01 (3e-01) 5.558e-01 (3e-01) 9.158e-01 (4e-01) 7.628e-02 (1e-01)   4.105e-01 (3e-01) 5.512e-01 (3e-01)  NA (NA)          NA (NA)             NA (NA)      NA (NA) 8.187e-01 (4e-01) 7.817e-01 (3e-01)       7.817e-01 (3e-01) 7.689e-01 (3e-01)      7.806e-01 (3e-01)
yhat_iw_est_trans_05  9.355e-01 (4e-01) 1.022e-01 (1e-01) 4.323e-01 (3e-01) 5.697e-01 (3e-01) 9.266e-01 (4e-01) 8.765e-02 (1e-01)   4.247e-01 (3e-01) 5.649e-01 (3e-01)  NA (NA)          NA (NA)             NA (NA)      NA (NA) 8.122e-01 (4e-01) 7.737e-01 (3e-01)       7.737e-01 (3e-01) 7.648e-01 (3e-01)      7.752e-01 (3e-01)
yhat_iw_est_clipped   9.355e-01 (4e-01) 1.022e-01 (1e-01) 4.323e-01 (3e-01) 5.697e-01 (3e-01) 9.266e-01 (4e-01) 8.765e-02 (1e-01)   4.247e-01 (3e-01) 5.649e-01 (3e-01)  NA (NA)          NA (NA)             NA (NA)      NA (NA) 8.122e-01 (4e-01) 7.737e-01 (3e-01)       7.737e-01 (3e-01) 7.648e-01 (3e-01)      7.752e-01 (3e-01)
yhat_dr_est           9.359e-01 (4e-01) 1.033e-01 (1e-01) 4.273e-01 (3e-01) 5.644e-01 (3e-01) 9.232e-01 (4e-01) 8.502e-02 (1e-01)   4.167e-01 (3e-01) 5.565e-01 (3e-01)  NA (NA)          NA (NA)             NA (NA)      NA (NA) 8.566e-01 (4e-01) 7.957e-01 (3e-01)       7.957e-01 (3e-01) 7.461e-01 (3e-01)      7.849e-01 (3e-01)
yhat_iw_est_clip_25   9.404e-01 (4e-01) 1.079e-01 (1e-01) 4.353e-01 (3e-01) 5.721e-01 (3e-01) 9.286e-01 (4e-01) 9.057e-02 (1e-01)   4.264e-01 (3e-01) 5.659e-01 (3e-01)  NA (NA)          NA (NA)             NA (NA)      NA (NA) 8.479e-01 (4e-01) 7.753e-01 (3e-01)       7.753e-01 (3e-01) 7.492e-01 (3e-01)      7.772e-01 (3e-01)
yhat_iw_est_trans_1   9.412e-01 (4e-01) 1.064e-01 (1e-01) 4.396e-01 (3e-01) 5.774e-01 (3e-01) 9.327e-01 (4e-01) 9.224e-02 (1e-01)   4.319e-01 (3e-01) 5.724e-01 (3e-01)  NA (NA)          NA (NA)             NA (NA)      NA (NA) 7.953e-01 (4e-01) 7.795e-01 (3e-01)       7.795e-01 (3e-01) 7.857e-01 (3e-01)      7.819e-01 (3e-01)
yhat_iw_est_clip_1    9.447e-01 (4e-01) 1.124e-01 (1e-01) 4.372e-01 (3e-01) 5.739e-01 (3e-01) 9.325e-01 (4e-01) 9.474e-02 (1e-01)   4.277e-01 (3e-01) 5.671e-01 (3e-01)  NA (NA)          NA (NA)             NA (NA)      NA (NA) 8.569e-01 (4e-01) 7.882e-01 (3e-01)       7.882e-01 (3e-01) 7.413e-01 (3e-01)      7.810e-01 (3e-01)
yhat_iw_est           9.460e-01 (4e-01) 1.136e-01 (1e-01) 4.384e-01 (3e-01) 5.750e-01 (3e-01) 9.336e-01 (4e-01) 9.580e-02 (1e-01)   4.287e-01 (3e-01) 5.680e-01 (3e-01)  NA (NA)          NA (NA)             NA (NA)      NA (NA) 8.582e-01 (4e-01) 7.892e-01 (3e-01)       7.892e-01 (3e-01) 7.405e-01 (3e-01)      7.814e-01 (3e-01)
yhat_iw_est_clip_05   9.460e-01 (4e-01) 1.137e-01 (1e-01) 4.384e-01 (3e-01) 5.750e-01 (3e-01) 9.337e-01 (4e-01) 9.589e-02 (1e-01)   4.287e-01 (3e-01) 5.680e-01 (3e-01)  NA (NA)          NA (NA)             NA (NA)      NA (NA) 8.579e-01 (4e-01) 7.890e-01 (3e-01)       7.890e-01 (3e-01) 7.405e-01 (3e-01)      7.812e-01 (3e-01)
yhat_iw_est_trans_25  9.563e-01 (4e-01) 1.207e-01 (1e-01) 4.573e-01 (3e-01) 5.954e-01 (3e-01) 9.495e-01 (4e-01) 1.082e-01 (1e-01)   4.503e-01 (3e-01) 5.912e-01 (3e-01)  NA (NA)          NA (NA)             NA (NA)      NA (NA) 7.764e-01 (4e-01) 7.949e-01 (3e-01)       7.949e-01 (3e-01) 8.185e-01 (3e-01)      7.967e-01 (3e-01)
yhat_iw_true_trans_1  9.638e-01 (4e-01) 1.304e-01 (2e-01) 4.661e-01 (4e-01) 6.037e-01 (4e-01) 9.547e-01 (4e-01) 1.154e-01 (2e-01)   4.572e-01 (4e-01) 5.975e-01 (4e-01)  NA (NA)          NA (NA)             NA (NA)      NA (NA) 8.071e-01 (4e-01) 7.589e-01 (3e-01)       7.589e-01 (3e-01) 8.012e-01 (3e-01)      7.850e-01 (3e-01)
yhat_dr_true          9.640e-01 (4e-01) 1.317e-01 (2e-01) 4.641e-01 (4e-01) 6.013e-01 (4e-01) 9.518e-01 (4e-01) 1.136e-01 (2e-01)   4.526e-01 (4e-01) 5.926e-01 (4e-01)  NA (NA)          NA (NA)             NA (NA)      NA (NA) 8.475e-01 (4e-01) 7.493e-01 (3e-01)       7.493e-01 (3e-01) 7.869e-01 (3e-01)      7.868e-01 (3e-01)
yhat_dr_true_clipped  9.640e-01 (4e-01) 1.317e-01 (2e-01) 4.641e-01 (4e-01) 6.013e-01 (4e-01) 9.518e-01 (4e-01) 1.136e-01 (2e-01)   4.526e-01 (4e-01) 5.926e-01 (4e-01)  NA (NA)          NA (NA)             NA (NA)      NA (NA) 8.475e-01 (4e-01) 7.493e-01 (3e-01)       7.493e-01 (3e-01) 7.869e-01 (3e-01)      7.868e-01 (3e-01)
yhat_iw_true_clip_25  9.706e-01 (4e-01) 1.380e-01 (2e-01) 4.726e-01 (4e-01) 6.096e-01 (4e-01) 9.593e-01 (4e-01) 1.209e-01 (2e-01)   4.623e-01 (4e-01) 6.021e-01 (4e-01)  NA (NA)          NA (NA)             NA (NA)      NA (NA) 8.481e-01 (4e-01) 7.469e-01 (3e-01)       7.469e-01 (3e-01) 7.883e-01 (3e-01)      7.864e-01 (3e-01)
yhat_iw_true_clip_1   9.708e-01 (4e-01) 1.381e-01 (2e-01) 4.728e-01 (4e-01) 6.098e-01 (4e-01) 9.593e-01 (4e-01) 1.210e-01 (2e-01)   4.624e-01 (4e-01) 6.021e-01 (4e-01)  NA (NA)          NA (NA)             NA (NA)      NA (NA) 8.482e-01 (4e-01) 7.468e-01 (3e-01)       7.468e-01 (3e-01) 7.883e-01 (3e-01)      7.864e-01 (3e-01)
yhat_iw_true_clip_05  9.708e-01 (4e-01) 1.381e-01 (2e-01) 4.728e-01 (4e-01) 6.098e-01 (4e-01) 9.593e-01 (4e-01) 1.210e-01 (2e-01)   4.624e-01 (4e-01) 6.021e-01 (4e-01)  NA (NA)          NA (NA)             NA (NA)      NA (NA) 8.482e-01 (4e-01) 7.468e-01 (3e-01)       7.468e-01 (3e-01) 7.883e-01 (3e-01)      7.864e-01 (3e-01)
yhat_iw_true          9.708e-01 (4e-01) 1.381e-01 (2e-01) 4.728e-01 (4e-01) 6.098e-01 (4e-01) 9.593e-01 (4e-01) 1.210e-01 (2e-01)   4.624e-01 (4e-01) 6.021e-01 (4e-01)  NA (NA)          NA (NA)             NA (NA)      NA (NA) 8.482e-01 (4e-01) 7.468e-01 (3e-01)       7.468e-01 (3e-01) 7.883e-01 (3e-01)      7.864e-01 (3e-01)
yhat_iw_true_trans_05 9.708e-01 (4e-01) 1.381e-01 (2e-01) 4.728e-01 (4e-01) 6.098e-01 (4e-01) 9.593e-01 (4e-01) 1.210e-01 (2e-01)   4.624e-01 (4e-01) 6.021e-01 (4e-01)  NA (NA)          NA (NA)             NA (NA)      NA (NA) 8.482e-01 (4e-01) 7.468e-01 (3e-01)       7.468e-01 (3e-01) 7.883e-01 (3e-01)      7.864e-01 (3e-01)
yhat_iw_true_clipped  9.708e-01 (4e-01) 1.381e-01 (2e-01) 4.728e-01 (4e-01) 6.098e-01 (4e-01) 9.593e-01 (4e-01) 1.210e-01 (2e-01)   4.624e-01 (4e-01) 6.021e-01 (4e-01)  NA (NA)          NA (NA)             NA (NA)      NA (NA) 8.482e-01 (4e-01) 7.468e-01 (3e-01)       7.468e-01 (3e-01) 7.883e-01 (3e-01)      7.864e-01 (3e-01)
yhat_iw_true_trans_25 9.718e-01 (4e-01) 1.367e-01 (2e-01) 4.743e-01 (4e-01) 6.124e-01 (4e-01) 9.643e-01 (4e-01) 1.235e-01 (2e-01)   4.665e-01 (4e-01) 6.073e-01 (4e-01)  NA (NA)          NA (NA)             NA (NA)      NA (NA) 7.775e-01 (4e-01) 7.861e-01 (3e-01)       7.861e-01 (3e-01) 8.298e-01 (4e-01)      7.988e-01 (3e-01)
yhat_naive            9.976e-01 (4e-01) 1.611e-01 (2e-01) 5.043e-01 (4e-01) 6.428e-01 (4e-01) 9.947e-01 (4e-01) 1.524e-01 (2e-01)   4.986e-01 (4e-01) 6.398e-01 (4e-01)  NA (NA)          NA (NA)             NA (NA)      NA (NA) 7.678e-01 (4e-01) 8.354e-01 (3e-01)       8.354e-01 (3e-01) 8.809e-01 (4e-01)      8.344e-01 (3e-01)


