                                   y_selected                      y              yhat_true           yhat_imputed                  y_mix        y_weighted_true         y_weighted_est
yhat_true              3.5808e+01 (1.227e+02) 3.3964e+01 (0.000e+00) 0.0000e+00 (0.000e+00) 3.5306e+01 (3.530e+02) 3.8863e+01 (3.567e+02) 3.2205e+01 (7.298e+02) 4.1075e+01 (5.557e+03)
yhat_recursive_mix     3.7015e+01 (1.691e+02) 4.6406e+01 (1.515e+02) 1.2196e+01 (1.508e+02) 2.3168e+01 (1.632e+02) 2.6879e+01 (1.602e+02) 3.3375e+01 (6.398e+02) 4.2948e+01 (5.958e+03)
yhat_dr_direct         3.7015e+01 (1.691e+02) 4.6406e+01 (1.515e+02) 1.2196e+01 (1.508e+02) 2.3168e+01 (1.632e+02) 2.6879e+01 (1.602e+02) 3.3375e+01 (6.398e+02) 4.2948e+01 (5.958e+03)
yhat_recursive         3.7556e+01 (1.771e+02) 4.6631e+01 (1.503e+02) 1.2388e+01 (1.499e+02) 2.3151e+01 (1.634e+02) 2.6985e+01 (1.603e+02) 3.3777e+01 (6.489e+02) 4.3422e+01 (5.947e+03)
yhat_naive             3.2664e+01 (1.031e+02) 7.1642e+01 (4.895e+04) 3.7435e+01 (4.898e+04) 5.9658e+01 (4.856e+04) 6.3200e+01 (4.851e+04) 2.9552e+01 (4.689e+02) 3.7345e+01 (4.043e+03)
yhat_ipw_est_trans_25  3.2969e+01 (1.067e+02) 7.4838e+01 (7.903e+04) 4.0634e+01 (7.906e+04) 6.5528e+01 (8.027e+04) 6.9056e+01 (8.022e+04) 2.8094e+01 (3.998e+02) 3.3300e+01 (2.296e+03)
yhat_dr_est_clipped    3.4034e+01 (1.269e+02) 8.2470e+01 (1.042e+05) 4.8389e+01 (1.042e+05) 7.1041e+01 (1.040e+05) 7.4542e+01 (1.040e+05) 2.7768e+01 (3.713e+02) 2.8415e+01 (3.873e+02)
yhat_ipw_est_trans_1   3.3401e+01 (1.138e+02) 8.2622e+01 (1.014e+05) 4.8448e+01 (1.015e+05) 7.4536e+01 (1.020e+05) 7.8043e+01 (1.020e+05) 2.7457e+01 (3.685e+02) 2.9861e+01 (7.802e+02)
yhat_ipw_true_trans_25 3.2864e+01 (1.055e+02) 8.4634e+01 (7.693e+04) 5.0436e+01 (7.696e+04) 7.3495e+01 (7.547e+04) 7.7023e+01 (7.543e+04) 2.6941e+01 (3.330e+02) 3.6532e+01 (4.276e+03)
yhat_ipw_est_trans_05  3.3865e+01 (1.268e+02) 8.8705e+01 (1.136e+05) 5.4557e+01 (1.136e+05) 8.1189e+01 (1.136e+05) 8.4677e+01 (1.135e+05) 2.7228e+01 (3.515e+02) 2.7842e+01 (3.678e+02)
yhat_ipw_est_clipped   3.3865e+01 (1.268e+02) 8.8705e+01 (1.136e+05) 5.4557e+01 (1.136e+05) 8.1189e+01 (1.136e+05) 8.4677e+01 (1.135e+05) 2.7228e+01 (3.515e+02) 2.7842e+01 (3.678e+02)
yhat_dr_est            3.5876e+01 (2.324e+02) 9.9648e+01 (1.260e+05) 6.5627e+01 (1.261e+05) 8.9188e+01 (1.244e+05) 9.2633e+01 (1.244e+05) 2.7964e+01 (3.808e+02) 2.5066e+01 (1.351e+02)
yhat_ipw_true_trans_1  3.3093e+01 (1.078e+02) 1.0082e+02 (1.039e+05) 6.6658e+01 (1.040e+05) 9.0424e+01 (1.003e+05) 9.3925e+01 (1.002e+05) 2.5218e+01 (2.393e+02) 3.6192e+01 (4.547e+03)
yhat_ipw_est_clip_25   3.5740e+01 (2.290e+02) 1.0467e+02 (1.361e+05) 7.0570e+01 (1.362e+05) 9.7402e+01 (1.343e+05) 1.0085e+02 (1.342e+05) 2.7644e+01 (3.744e+02) 2.4843e+01 (1.333e+02)
yhat_ipw_est_clip_1    3.5797e+01 (2.339e+02) 1.0477e+02 (1.362e+05) 7.0675e+01 (1.362e+05) 9.7509e+01 (1.343e+05) 1.0096e+02 (1.343e+05) 2.7673e+01 (3.755e+02) 2.4805e+01 (1.332e+02)
yhat_ipw_est_clip_05   3.5799e+01 (2.341e+02) 1.0478e+02 (1.362e+05) 7.0680e+01 (1.362e+05) 9.7514e+01 (1.343e+05) 1.0097e+02 (1.343e+05) 2.7676e+01 (3.756e+02) 2.4803e+01 (1.332e+02)
yhat_ipw_est           3.5801e+01 (2.341e+02) 1.0478e+02 (1.362e+05) 7.0682e+01 (1.362e+05) 9.7516e+01 (1.343e+05) 1.0097e+02 (1.343e+05) 2.7677e+01 (3.757e+02) 2.4802e+01 (1.332e+02)
yhat_dr_true_clipped   3.3624e+01 (1.128e+02) 1.0626e+02 (1.148e+05) 7.2203e+01 (1.148e+05) 9.1946e+01 (1.102e+05) 9.5441e+01 (1.102e+05) 2.4854e+01 (1.984e+02) 3.6782e+01 (5.195e+03)
yhat_ipw_true_trans_05 3.3410e+01 (1.117e+02) 1.1057e+02 (1.222e+05) 7.6433e+01 (1.222e+05) 1.0038e+02 (1.180e+05) 1.0387e+02 (1.180e+05) 2.4241e+01 (1.892e+02) 3.6074e+01 (4.690e+03)
yhat_ipw_true_clipped  3.3410e+01 (1.117e+02) 1.1057e+02 (1.222e+05) 7.6433e+01 (1.222e+05) 1.0038e+02 (1.180e+05) 1.0387e+02 (1.180e+05) 2.4241e+01 (1.892e+02) 3.6074e+01 (4.690e+03)
yhat_dr_true           3.4779e+01 (1.416e+02) 1.3531e+02 (1.750e+05) 1.0130e+02 (1.750e+05) 1.2229e+02 (1.693e+05) 1.2573e+02 (1.693e+05) 2.2872e+01 (1.350e+02) 3.6867e+01 (4.950e+03)
yhat_ipw_true_clip_25  3.4742e+01 (1.445e+02) 1.3979e+02 (1.822e+05) 1.0569e+02 (1.822e+05) 1.2964e+02 (1.773e+05) 1.3309e+02 (1.772e+05) 2.2588e+01 (1.303e+02) 3.6414e+01 (4.481e+03)
yhat_ipw_true_clip_1   3.4758e+01 (1.446e+02) 1.3997e+02 (1.824e+05) 1.0588e+02 (1.824e+05) 1.2985e+02 (1.776e+05) 1.3330e+02 (1.776e+05) 2.2572e+01 (1.306e+02) 3.6445e+01 (4.482e+03)
yhat_ipw_true_clip_05  3.4758e+01 (1.446e+02) 1.3997e+02 (1.824e+05) 1.0588e+02 (1.824e+05) 1.2985e+02 (1.776e+05) 1.3330e+02 (1.776e+05) 2.2572e+01 (1.306e+02) 3.6445e+01 (4.482e+03)
yhat_ipw_true          3.4758e+01 (1.446e+02) 1.3997e+02 (1.824e+05) 1.0588e+02 (1.824e+05) 1.2985e+02 (1.776e+05) 1.3330e+02 (1.776e+05) 2.2572e+01 (1.306e+02) 3.6445e+01 (4.482e+03)


