                                   y_selected                      y              yhat_true           yhat_imputed                  y_mix        y_weighted_true         y_weighted_est
yhat_true              3.3795e+01 (1.273e+02) 3.3964e+01 (0.000e+00) 0.0000e+00 (0.000e+00) 3.6267e+01 (1.519e+02) 3.9660e+01 (1.611e+02) 2.9054e+01 (3.312e+02) 3.2903e+01 (6.542e+02)
yhat_repeated_mix     3.5188e+01 (1.898e+02) 4.9505e+01 (1.598e+02) 1.5291e+01 (1.585e+02) 2.0992e+01 (8.788e+01) 2.4548e+01 (8.822e+01) 3.0394e+01 (3.053e+02) 3.3686e+01 (6.677e+02)
yhat_dr_direct         3.5188e+01 (1.898e+02) 4.9505e+01 (1.598e+02) 1.5291e+01 (1.585e+02) 2.0992e+01 (8.788e+01) 2.4548e+01 (8.822e+01) 3.0394e+01 (3.053e+02) 3.3686e+01 (6.677e+02)
yhat_repeated         3.5810e+01 (2.016e+02) 4.9750e+01 (1.580e+02) 1.5498e+01 (1.572e+02) 2.0978e+01 (8.753e+01) 2.4663e+01 (8.832e+01) 3.0798e+01 (3.165e+02) 3.4133e+01 (6.986e+02)
yhat_naive             3.0880e+01 (1.037e+02) 7.8697e+01 (1.542e+04) 4.4513e+01 (1.545e+04) 6.5848e+01 (2.078e+04) 6.9188e+01 (2.079e+04) 2.5821e+01 (1.300e+02) 2.8927e+01 (4.222e+02)
yhat_iw_est_trans_25  3.1087e+01 (1.075e+02) 8.5013e+01 (1.803e+04) 5.0854e+01 (1.806e+04) 7.7633e+01 (2.511e+04) 8.0968e+01 (2.514e+04) 2.4454e+01 (1.107e+02) 2.5883e+01 (2.647e+02)
yhat_dr_est_clipped    3.1844e+01 (1.108e+02) 8.9189e+01 (2.126e+04) 5.5145e+01 (2.130e+04) 7.8497e+01 (2.732e+04) 8.1838e+01 (2.734e+04) 2.4529e+01 (1.162e+02) 2.4436e+01 (1.488e+02)
yhat_iw_est_trans_1   3.1471e+01 (1.108e+02) 8.9325e+01 (2.036e+04) 5.5172e+01 (2.040e+04) 8.3061e+01 (2.713e+04) 8.6398e+01 (2.716e+04) 2.4232e+01 (1.140e+02) 2.4806e+01 (2.014e+02)
yhat_iw_est_trans_05  3.1724e+01 (1.123e+02) 9.1678e+01 (2.134e+04) 5.7539e+01 (2.139e+04) 8.7432e+01 (2.814e+04) 9.0760e+01 (2.817e+04) 2.4070e+01 (1.112e+02) 2.3972e+01 (1.461e+02)
yhat_iw_est_clipped   3.1724e+01 (1.123e+02) 9.1678e+01 (2.134e+04) 5.7539e+01 (2.139e+04) 8.7432e+01 (2.814e+04) 9.0760e+01 (2.817e+04) 2.4070e+01 (1.112e+02) 2.3972e+01 (1.461e+02)
yhat_iw_true_trans_25 3.1069e+01 (1.079e+02) 9.6522e+01 (2.537e+04) 6.2366e+01 (2.542e+04) 8.7110e+01 (3.260e+04) 9.0447e+01 (3.262e+04) 2.3810e+01 (1.003e+02) 2.7813e+01 (4.420e+02)
yhat_dr_est            3.2771e+01 (1.351e+02) 9.7039e+01 (2.241e+04) 6.3022e+01 (2.246e+04) 9.1573e+01 (2.957e+04) 9.4885e+01 (2.962e+04) 2.5428e+01 (3.064e+02) 2.2692e+01 (7.589e+01)
yhat_iw_est           3.2762e+01 (1.387e+02) 1.0365e+02 (2.348e+04) 6.9559e+01 (2.354e+04) 1.0638e+02 (3.237e+04) 1.0969e+02 (3.241e+04) 2.5261e+01 (3.199e+02) 2.2410e+01 (7.520e+01)
yhat_iw_est_clip_05   3.2762e+01 (1.387e+02) 1.0365e+02 (2.348e+04) 6.9559e+01 (2.354e+04) 1.0638e+02 (3.237e+04) 1.0969e+02 (3.241e+04) 2.5261e+01 (3.199e+02) 2.2410e+01 (7.520e+01)
yhat_iw_est_clip_1    3.2762e+01 (1.387e+02) 1.0365e+02 (2.348e+04) 6.9559e+01 (2.354e+04) 1.0638e+02 (3.237e+04) 1.0969e+02 (3.241e+04) 2.5261e+01 (3.199e+02) 2.2410e+01 (7.520e+01)
yhat_iw_est_clip_25   3.2762e+01 (1.387e+02) 1.0365e+02 (2.348e+04) 6.9560e+01 (2.354e+04) 1.0638e+02 (3.237e+04) 1.0969e+02 (3.241e+04) 2.5263e+01 (3.198e+02) 2.2410e+01 (7.519e+01)
yhat_iw_true_trans_1  3.1321e+01 (1.089e+02) 1.2159e+02 (5.128e+04) 8.7466e+01 (5.136e+04) 1.1090e+02 (5.374e+04) 1.1422e+02 (5.377e+04) 2.2648e+01 (7.773e+01) 2.8072e+01 (5.387e+02)
yhat_dr_true_clipped   3.1615e+01 (1.062e+02) 1.2251e+02 (7.201e+04) 8.8479e+01 (7.211e+04) 1.0972e+02 (7.219e+04) 1.1304e+02 (7.222e+04) 2.2680e+01 (7.604e+01) 2.8604e+01 (5.477e+02)
yhat_iw_true_trans_05 3.1493e+01 (1.110e+02) 1.3189e+02 (7.109e+04) 9.7772e+01 (7.120e+04) 1.2222e+02 (7.023e+04) 1.2553e+02 (7.026e+04) 2.2040e+01 (7.758e+01) 2.8261e+01 (6.127e+02)
yhat_iw_true_clipped  3.1493e+01 (1.110e+02) 1.3189e+02 (7.109e+04) 9.7772e+01 (7.120e+04) 1.2222e+02 (7.023e+04) 1.2553e+02 (7.026e+04) 2.2040e+01 (7.758e+01) 2.8261e+01 (6.127e+02)
yhat_dr_true           3.1976e+01 (1.078e+02) 1.5084e+02 (1.244e+05) 1.1689e+02 (1.245e+05) 1.4677e+02 (1.265e+05) 1.5001e+02 (1.265e+05) 2.1081e+01 (8.352e+01) 2.8912e+01 (8.678e+02)
yhat_iw_true_clip_25  3.1880e+01 (1.092e+02) 1.5347e+02 (1.177e+05) 1.1943e+02 (1.179e+05) 1.5331e+02 (1.209e+05) 1.5655e+02 (1.209e+05) 2.0772e+01 (8.104e+01) 2.9033e+01 (9.715e+02)
yhat_iw_true          3.1888e+01 (1.092e+02) 1.5350e+02 (1.177e+05) 1.1945e+02 (1.178e+05) 1.5331e+02 (1.209e+05) 1.5655e+02 (1.209e+05) 2.0763e+01 (8.118e+01) 2.9039e+01 (9.715e+02)
yhat_iw_true_clip_05  3.1888e+01 (1.092e+02) 1.5350e+02 (1.177e+05) 1.1945e+02 (1.178e+05) 1.5331e+02 (1.209e+05) 1.5655e+02 (1.209e+05) 2.0763e+01 (8.118e+01) 2.9039e+01 (9.715e+02)
yhat_iw_true_clip_1   3.1888e+01 (1.092e+02) 1.5350e+02 (1.177e+05) 1.1945e+02 (1.178e+05) 1.5331e+02 (1.209e+05) 1.5655e+02 (1.209e+05) 2.0763e+01 (8.118e+01) 2.9039e+01 (9.715e+02)


